SENS_ID	SDN	TC	COND	O2	O2satper	pHinsitu	ORP	Vbatt	VpH
1	2015-05-08 17:30	23.69	80190	5.39	90.1	10.13	158	10.1	-41.52
1	2015-05-08 17:31	23.69	82660	5.33	90.1	10.13	158	10.12	-41.28
1	2015-05-08 17:32	23.69	83450	5.31	90.1	10.12	157	10.12	-40.92
1	2015-05-08 17:33	23.69	81210	5.36	90.1	10.11	157	10.2	-40.65
1	2015-05-08 17:34	23.69	82330	5.34	90.2	10.1	157	10.09	-40.38
1	2015-05-08 17:35	23.69	81640	5.36	90.2	10.09	156	10.14	-40.08
1	2015-05-08 17:36	23.69	79190	5.42	90.1	10.09	156	10.1	-39.76
1	2015-05-08 17:37	23.69	79920	5.4	90.2	10.08	155	10.19	-39.45
1	2015-05-08 17:38	23.69	78330	5.44	90.2	10.07	155	10.15	-39.16
1	2015-05-08 17:39	23.69	78540	5.44	90.2	10.07	154	10.14	-39.02
1	2015-05-08 17:40	23.69	83060	5.32	90.1	10.05	154	10.12	-38.54
1	2015-05-08 17:41	23.69	81950	5.35	90.1	10.05	154	10.07	-38.41
1	2015-05-08 17:42	23.69	79500	5.41	90	10.04	154	9.98	-38.22
1	2015-05-08 17:43	23.69	79680	5.4	90	10.04	153	10.09	-37.98
1	2015-05-08 17:44	23.69	81140	5.36	90	10.03	153	10.09	-37.82
1	2015-05-08 17:45	23.69	77650	5.45	90	10.03	153	10.09	-37.7
1	2015-05-08 17:46	23.69	79660	5.4	90	10.02	153	10.07	-37.42
1	2015-05-08 17:47	23.69	78620	5.42	89.9	10.02	153	10.09	-37.31
1	2015-05-08 17:48	23.69	78470	5.43	90	10.02	153	10.09	-37.25
1	2015-05-08 17:49	23.69	79300	5.41	89.9	10.01	152	10.07	-37.07
1	2015-05-08 17:50	23.68	79630	5.4	90	10.01	152	10.05	-36.95
1	2015-05-08 17:51	23.68	77400	5.46	90.1	10.01	152	10.07	-36.86
1	2015-05-08 17:52	23.68	80110	5.39	90	10.01	152	10.05	-36.85
1	2015-05-08 17:53	23.68	80880	5.38	90.1	10.01	151	10.09	-36.8
1	2015-05-08 17:54	23.67	80630	5.39	90.2	10	151	10.05	-36.6
1	2015-05-08 17:55	23.67	75220	5.53	90.3	10	151	10.09	-36.54
1	2015-05-08 17:56	23.67	77730	5.47	90.3	10	150	10.09	-36.45
1	2015-05-08 17:57	23.67	77520	5.48	90.4	10	150	10.07	-36.43
1	2015-05-08 17:58	23.67	80530	5.4	90.3	10	150	10.03	-36.38
1	2015-05-08 17:59	23.66	79160	5.44	90.4	9.99	150	10.12	-36.3
1	2015-05-08 18:00	23.66	80950	5.4	90.4	9.99	149	10.02	-36.09
1	2015-05-08 18:01	23.66	80240	5.42	90.5	9.99	149	10.07	-36.18
1	2015-05-08 18:02	23.66	78300	5.47	90.5	9.99	149	10.03	-36.24
1	2015-05-08 18:03	23.66	82350	5.36	90.5	9.99	148	9.98	-36.04
1	2015-05-08 18:04	23.65	79670	5.44	90.6	9.98	148	10.02	-35.98
1	2015-05-08 18:05	23.65	79880	5.43	90.6	9.98	147	10.03	-35.92
1	2015-05-08 18:06	23.64	79670	5.44	90.6	9.99	147	10.02	-36
1	2015-05-08 18:07	23.64	79250	5.45	90.5	9.98	147	10.05	-35.87
1	2015-05-08 18:08	23.64	79000	5.46	90.6	9.98	147	10.03	-35.62
1	2015-05-08 18:09	23.64	78120	5.48	90.6	9.98	146	10.03	-35.76
1	2015-05-08 18:10	23.63	81500	5.4	90.7	9.98	146	10.02	-35.73
1	2015-05-08 18:11	23.63	78720	5.46	90.5	9.98	146	10.03	-35.67
1	2015-05-08 18:12	23.63	80380	5.42	90.5	9.98	146	10.03	-35.62
1	2015-05-08 18:13	23.63	77020	5.5	90.5	9.98	146	10.02	-35.68
1	2015-05-08 18:14	23.63	80410	5.41	90.4	9.98	145	10.05	-35.65
1	2015-05-08 18:15	23.63	80390	5.41	90.4	9.98	145	10	-35.6
1	2015-05-08 18:16	23.63	79040	5.44	90.3	9.97	145	10.05	-35.51
1	2015-05-08 18:17	23.63	78090	5.47	90.4	9.97	145	10.02	-35.51
1	2015-05-08 18:18	23.63	78910	5.44	90.2	9.97	145	10.02	-35.41
1	2015-05-08 18:19	23.63	77890	5.46	90.1	9.97	145	9.98	-35.36
1	2015-05-08 18:20	23.63	78790	5.43	90.1	9.97	145	9.95	-35.35
1	2015-05-08 18:21	23.63	79100	5.42	90	9.97	145	10.02	-35.26
1	2015-05-08 18:22	23.63	79720	5.4	90	9.97	145	10	-35.25
1	2015-05-08 18:23	23.63	78000	5.44	89.9	9.97	145	10.02	-35.28
1	2015-05-08 18:24	23.64	79660	5.4	89.9	9.96	145	10.02	-35.18
1	2015-05-08 18:25	23.64	79840	5.39	89.8	9.96	145	10.02	-35.22
1	2015-05-08 18:26	23.65	79360	5.39	89.7	9.97	145	9.98	-35.26
1	2015-05-08 18:27	23.65	79230	5.4	89.7	9.96	145	10.02	-35.11
1	2015-05-08 18:28	23.65	77760	5.43	89.6	9.96	145	9.97	-35.17
1	2015-05-08 18:29	23.66	78650	5.4	89.5	9.96	146	9.98	-35.18
1	2015-05-08 18:30	23.66	78620	5.4	89.6	9.97	146	9.95	-35.31
1	2015-05-08 18:31	23.66	79760	5.37	89.5	9.97	146	9.93	-35.3
1	2015-05-08 18:32	23.66	79000	5.39	89.4	9.96	146	9.97	-35.18
1	2015-05-08 18:33	23.65	78350	5.4	89.4	9.96	146	9.98	-35.22
1	2015-05-08 18:34	23.65	76530	5.45	89.5	9.97	146	10	-35.24
1	2015-05-08 18:35	23.64	79850	5.36	89.4	9.97	146	9.97	-35.33
1	2015-05-08 18:36	23.64	76460	5.45	89.4	9.97	145	9.98	-35.46
1	2015-05-08 18:37	23.63	79130	5.38	89.4	9.97	145	10	-35.47
1	2015-05-08 18:38	23.63	77290	5.43	89.4	9.98	145	9.97	-35.65
1	2015-05-08 18:39	23.63	80240	5.36	89.5	9.98	145	9.97	-35.67
1	2015-05-08 18:40	23.62	81060	5.34	89.6	9.98	145	9.97	-35.67
1	2015-05-08 18:41	23.62	76850	5.44	89.4	9.98	144	9.98	-35.66
1	2015-05-08 18:42	23.62	79190	5.38	89.4	9.98	144	9.98	-35.68
1	2015-05-08 18:43	23.63	78640	5.4	89.4	9.98	144	9.95	-35.76
1	2015-05-08 18:44	23.62	76020	5.46	89.4	9.98	143	10	-35.82
1	2015-05-08 18:45	23.62	78480	5.4	89.5	9.98	143	9.97	-35.79
1	2015-05-08 18:46	23.62	79470	5.37	89.4	9.98	143	9.97	-35.82
1	2015-05-08 18:47	23.61	78200	5.41	89.4	9.98	142	9.97	-35.7
1	2015-05-08 18:48	23.61	78000	5.41	89.4	9.98	141	9.97	-35.7
1	2015-05-08 18:49	23.61	78010	5.42	89.5	9.98	141	9.95	-35.73
1	2015-05-08 18:50	23.61	79520	5.38	89.5	9.98	141	10	-35.61
1	2015-05-08 18:51	23.61	77130	5.44	89.4	9.98	140	9.95	-35.67
1	2015-05-08 18:52	23.6	75360	5.48	89.4	9.98	140	9.95	-35.66
1	2015-05-08 18:53	23.6	76860	5.44	89.4	9.98	140	9.93	-35.64
1	2015-05-08 18:54	23.61	78540	5.4	89.4	9.98	140	9.97	-35.62
1	2015-05-08 18:55	23.61	77780	5.42	89.4	9.98	139	9.95	-35.65
1	2015-05-08 18:56	23.61	78900	5.39	89.3	9.98	139	9.92	-35.62
1	2015-05-08 18:57	23.61	77620	5.42	89.3	9.97	139	9.98	-35.56
1	2015-05-08 18:58	23.61	78670	5.39	89.3	9.98	139	9.97	-35.62
1	2015-05-08 18:59	23.61	75560	5.47	89.3	9.97	139	10.02	-35.5
1	2015-05-08 19:00	23.61	78220	5.39	89.2	9.97	139	9.95	-35.58
1	2015-05-08 19:01	23.62	73750	5.51	89.2	9.97	139	9.95	-35.47
1	2015-05-08 19:02	23.62	76710	5.42	89.1	9.97	139	9.95	-35.49
1	2015-05-08 19:03	23.62	77770	5.39	89	9.97	139	9.93	-35.48
1	2015-05-08 19:04	23.63	77580	5.39	88.9	9.97	139	9.95	-35.51
1	2015-05-08 19:05	23.63	75320	5.45	88.9	9.97	139	9.95	-35.53
1	2015-05-08 19:06	23.63	77260	5.39	88.8	9.97	139	9.92	-35.52
1	2015-05-08 19:07	23.64	73260	5.49	88.8	9.97	139	9.93	-35.58
1	2015-05-08 19:08	23.65	73580	5.48	88.7	9.98	139	9.93	-35.67
1	2015-05-08 19:09	23.65	75970	5.41	88.6	9.98	139	9.93	-35.69
1	2015-05-08 19:10	23.66	75880	5.41	88.6	9.98	139	9.92	-35.76
1	2015-05-08 19:11	23.66	78500	5.34	88.5	9.98	139	9.93	-35.66
1	2015-05-08 19:12	23.67	78270	5.35	88.5	9.98	139	9.92	-35.71
1	2015-05-08 19:13	23.68	75980	5.4	88.4	9.98	139	10	-35.73
1	2015-05-08 19:14	23.69	75530	5.4	88.3	9.98	139	9.93	-35.79
1	2015-05-08 19:15	23.69	73610	5.45	88.4	9.98	139	9.83	-35.81
1	2015-05-08 19:16	23.7	75780	5.4	88.4	9.98	139	9.9	-35.76
1	2015-05-08 19:17	23.7	73960	5.44	88.3	9.98	139	9.93	-35.81
1	2015-05-08 19:18	23.71	76300	5.38	88.3	9.98	139	9.93	-35.8
1	2015-05-08 19:19	23.72	76010	5.38	88.2	9.98	139	9.93	-35.95
1	2015-05-08 19:20	23.72	78130	5.33	88.2	9.98	139	9.92	-35.97
1	2015-05-08 19:21	23.72	78040	5.32	88.1	9.98	139	9.93	-35.98
1	2015-05-08 19:22	23.72	76020	5.37	88	9.99	139	9.97	-36.06
1	2015-05-08 19:23	23.72	80470	5.26	88	9.98	139	9.92	-35.97
1	2015-05-08 19:24	23.71	75330	5.39	88	9.99	139	9.92	-36.18
1	2015-05-08 19:25	23.71	77800	5.32	88	9.99	138	9.9	-36.19
1	2015-05-08 19:26	23.7	79860	5.27	87.9	9.99	138	10	-36.18
1	2015-05-08 19:27	23.69	78140	5.31	87.9	9.99	138	9.95	-36.19
1	2015-05-08 19:28	23.68	75970	5.37	87.9	9.99	138	9.95	-36.29
1	2015-05-08 19:29	23.68	77680	5.33	87.9	9.99	138	9.9	-36.32
1	2015-05-08 19:30	23.68	77090	5.34	87.9	10	138	9.93	-36.37
1	2015-05-08 19:31	23.68	78510	5.3	87.8	9.99	138	9.92	-36.3
1	2015-05-08 19:32	23.68	77390	5.32	87.8	10	138	9.92	-36.39
1	2015-05-08 19:33	23.68	78540	5.29	87.7	10	137	9.9	-36.4
1	2015-05-08 19:34	23.69	76290	5.35	87.7	9.99	137	9.93	-36.27
1	2015-05-08 19:35	23.69	75950	5.36	87.8	9.99	137	9.92	-36.36
1	2015-05-08 19:36	23.69	77090	5.33	87.8	9.99	137	9.93	-36.28
1	2015-05-08 19:37	23.7	78270	5.3	87.7	9.99	137	9.92	-36.31
1	2015-05-08 19:38	23.7	75610	5.36	87.7	9.99	137	9.93	-36.27
1	2015-05-08 19:39	23.71	77420	5.31	87.7	9.99	137	9.9	-36.27
1	2015-05-08 19:40	23.71	77560	5.31	87.8	9.99	137	9.9	-36.08
1	2015-05-08 19:41	23.72	78030	5.3	87.6	9.99	137	9.93	-36.26
1	2015-05-08 19:42	23.73	77400	5.31	87.6	9.99	136	9.88	-36.18
1	2015-05-08 19:43	23.73	74150	5.38	87.5	9.99	136	9.88	-36.3
1	2015-05-08 19:44	23.74	76500	5.32	87.5	9.99	136	9.92	-36.31
1	2015-05-08 19:45	23.74	76870	5.32	87.5	9.99	136	9.9	-36.3
1	2015-05-08 19:46	23.75	74350	5.37	87.4	9.99	136	9.88	-36.31
1	2015-05-08 19:47	23.76	76220	5.32	87.4	10	136	9.88	-36.41
1	2015-05-08 19:48	23.76	77450	5.29	87.4	10	136	9.88	-36.43
1	2015-05-08 19:49	23.77	76620	5.31	87.3	10	136	9.88	-36.47
1	2015-05-08 19:50	23.78	76680	5.3	87.3	10	136	9.88	-36.55
1	2015-05-08 19:51	23.78	77710	5.27	87.2	10	136	9.92	-36.62
1	2015-05-08 19:52	23.79	76080	5.31	87.2	10	136	9.88	-36.55
1	2015-05-08 19:53	23.8	75420	5.33	87.3	10	136	9.9	-36.58
1	2015-05-08 19:54	23.8	79190	5.23	87.1	10	136	9.93	-36.61
1	2015-05-08 19:55	23.81	78080	5.25	87.1	10	136	9.9	-36.69
1	2015-05-08 19:56	23.81	78800	5.23	87	10	136	9.9	-36.67
1	2015-05-08 19:57	23.81	75130	5.32	87	10	136	9.88	-36.75
1	2015-05-08 19:58	23.81	76730	5.29	87.1	10.01	136	9.93	-36.79
1	2015-05-08 19:59	23.81	76710	5.28	87	10.01	136	9.92	-36.86
1	2015-05-08 20:00	23.8	75780	5.3	86.9	10.01	136	9.9	-36.82
1	2015-05-08 20:01	23.79	74550	5.33	86.9	10.01	136	9.88	-36.88
1	2015-05-08 20:02	23.79	78300	5.24	86.9	10.01	135	9.88	-36.83
1	2015-05-08 20:03	23.78	78200	5.24	86.8	10.01	135	9.88	-36.81
1	2015-05-08 20:04	23.77	75510	5.3	86.9	10.01	135	9.92	-36.84
1	2015-05-08 20:05	23.77	77740	5.25	86.8	10.01	135	9.88	-36.88
1	2015-05-08 20:06	23.77	78200	5.24	86.9	10.01	135	9.86	-36.77
1	2015-05-08 20:07	23.77	76190	5.29	86.8	10.01	135	9.88	-36.87
1	2015-05-08 20:08	23.77	77290	5.26	86.8	10	134	9.88	-36.75
1	2015-05-08 20:09	23.77	78410	5.23	86.8	10.01	134	9.86	-36.8
1	2015-05-08 20:10	23.77	76290	5.28	86.8	10.01	134	9.9	-36.89
1	2015-05-08 20:11	23.77	78460	5.23	86.8	10.01	134	9.88	-36.83
1	2015-05-08 20:12	23.78	75350	5.3	86.7	10.01	134	9.95	-36.94
1	2015-05-08 20:13	23.78	77130	5.25	86.7	10.01	133	9.86	-36.89
1	2015-05-08 20:14	23.79	74550	5.32	86.7	10.01	133	9.88	-36.92
1	2015-05-08 20:15	23.79	75320	5.29	86.6	10.01	133	9.88	-36.84
1	2015-05-08 20:16	23.79	77040	5.25	86.6	10.01	133	9.88	-36.94
1	2015-05-08 20:17	23.8	74280	5.32	86.6	10.01	133	9.88	-36.98
1	2015-05-08 20:18	23.8	76570	5.26	86.5	10.01	133	9.88	-36.92
1	2015-05-08 20:19	23.81	76800	5.25	86.5	10.01	133	9.86	-37.01
1	2015-05-08 20:20	23.82	76870	5.24	86.5	10.01	133	9.88	-36.94
1	2015-05-08 20:21	23.82	76340	5.26	86.5	10.01	133	9.86	-37.02
1	2015-05-08 20:22	23.83	75780	5.27	86.5	10.01	133	9.92	-37.06
1	2015-05-08 20:23	23.83	75270	5.28	86.4	10.02	133	9.9	-37.19
1	2015-05-08 20:24	23.84	75110	5.28	86.4	10.02	133	9.9	-37.18
1	2015-05-08 20:25	23.85	78370	5.2	86.3	10.02	133	9.86	-37.24
1	2015-05-08 20:26	23.85	76870	5.23	86.3	10.02	133	9.86	-37.33
1	2015-05-08 20:27	23.86	76260	5.25	86.3	10.02	133	9.9	-37.4
1	2015-05-08 20:28	23.86	77090	5.22	86.3	10.02	133	9.86	-37.4
1	2015-05-08 20:29	23.87	76280	5.24	86.3	10.02	133	9.93	-37.52
1	2015-05-08 20:30	23.87	75840	5.25	86.2	10.02	133	9.88	-37.49
1	2015-05-08 20:31	23.87	73950	5.3	86.3	10.03	133	9.93	-37.64
1	2015-05-08 20:32	23.87	77020	5.22	86.2	10.03	133	9.93	-37.61
1	2015-05-08 20:33	23.87	75050	5.27	86.2	10.03	133	9.9	-37.66
1	2015-05-08 20:34	23.86	74350	5.29	86.2	10.03	133	9.86	-37.72
1	2015-05-08 20:35	23.86	76310	5.23	86.1	10.03	133	9.9	-37.66
1	2015-05-08 20:36	23.85	77150	5.21	86.1	10.03	133	9.86	-37.56
1	2015-05-08 20:37	23.84	78030	5.19	86.1	10.03	133	9.85	-37.77
1	2015-05-08 20:38	23.84	76400	5.24	86.2	10.03	133	9.86	-37.7
1	2015-05-08 20:39	23.83	75760	5.25	86.1	10.03	133	9.9	-37.76
1	2015-05-08 20:40	23.82	76450	5.24	86.2	10.03	132	9.88	-37.79
1	2015-05-08 20:41	23.81	77810	5.21	86.2	10.03	132	9.9	-37.82
1	2015-05-08 20:42	23.79	77210	5.23	86.3	10.03	132	9.86	-37.78
1	2015-05-08 20:43	23.79	77340	5.23	86.3	10.03	132	9.85	-37.77
1	2015-05-08 20:44	23.78	77570	5.22	86.3	10.03	131	9.85	-37.75
1	2015-05-08 20:45	23.77	77130	5.23	86.3	10.03	131	9.85	-37.78
1	2015-05-08 20:46	23.77	77790	5.22	86.3	10.03	130	9.83	-37.76
1	2015-05-08 20:47	23.77	79940	5.16	86.3	10.03	130	9.86	-37.72
1	2015-05-08 20:48	23.77	76790	5.24	86.4	10.03	129	9.92	-37.77
1	2015-05-08 20:49	23.77	77120	5.23	86.3	10.03	129	9.9	-37.81
1	2015-05-08 20:50	23.77	77040	5.23	86.3	10.03	129	9.85	-37.79
1	2015-05-08 20:51	23.78	77630	5.22	86.4	10.03	129	9.85	-37.62
1	2015-05-08 20:52	23.78	76750	5.24	86.4	10.03	129	9.86	-37.79
1	2015-05-08 20:53	23.79	78610	5.19	86.3	10.03	129	9.83	-37.75
1	2015-05-08 20:54	23.79	75240	5.27	86.3	10.03	129	9.85	-37.79
1	2015-05-08 20:55	23.8	74850	5.28	86.2	10.03	128	9.86	-37.78
1	2015-05-08 20:56	23.8	75850	5.25	86.2	10.03	129	9.88	-37.85
1	2015-05-08 20:57	23.81	76210	5.25	86.3	10.03	129	9.85	-37.87
1	2015-05-08 20:58	23.82	76450	5.24	86.2	10.03	129	9.85	-37.82
1	2015-05-08 20:59	23.82	76130	5.24	86.1	10.03	129	9.85	-37.8
1	2015-05-08 21:00	23.83	75130	5.26	86.1	10.03	129	9.83	-37.72
1	2015-05-08 21:01	23.83	75840	5.24	86.1	10.04	129	9.9	-37.96
1	2015-05-08 21:02	23.84	75050	5.26	86.1	10.04	129	9.9	-37.93
1	2015-05-08 21:03	23.85	77280	5.2	86	10.03	129	9.85	-37.9
1	2015-05-08 21:04	23.85	75210	5.25	86	10.04	129	9.88	-38.01
1	2015-05-08 21:05	23.86	74410	5.27	86	10.03	129	9.86	-37.92
1	2015-05-08 21:06	23.86	76020	5.22	85.9	10.04	129	9.83	-38.04
1	2015-05-08 21:07	23.86	73290	5.29	85.9	10.04	129	9.85	-38.14
1	2015-05-08 21:08	23.86	77790	5.18	85.8	10.04	129	9.83	-38.1
1	2015-05-08 21:09	23.86	76460	5.21	85.8	10.04	129	9.83	-38.23
1	2015-05-08 21:10	23.86	76050	5.22	85.8	10.04	129	9.83	-38.23
1	2015-05-08 21:11	23.85	76830	5.2	85.8	10.05	129	9.83	-38.41
1	2015-05-08 21:12	23.84	78670	5.16	85.8	10.05	129	9.83	-38.34
1	2015-05-08 21:13	23.84	76200	5.22	85.8	10.05	129	9.85	-38.54
1	2015-05-08 21:14	23.83	73290	5.29	85.9	10.05	129	9.86	-38.53
1	2015-05-08 21:15	23.82	76690	5.2	85.7	10.05	129	9.9	-38.59
1	2015-05-08 21:16	23.82	77440	5.18	85.7	10.05	128	9.8	-38.59
1	2015-05-08 21:17	23.8	74020	5.27	85.7	10.05	128	9.83	-38.65
1	2015-05-08 21:18	23.79	76650	5.2	85.7	10.05	128	9.86	-38.62
1	2015-05-08 21:19	23.79	74260	5.26	85.6	10.06	128	9.93	-38.67
1	2015-05-08 21:20	23.78	77590	5.17	85.5	10.06	127	9.85	-38.65
1	2015-05-08 21:21	23.76	76120	5.21	85.5	10.05	127	9.85	-38.55
1	2015-05-08 21:22	23.75	76650	5.19	85.5	10.05	127	9.81	-38.55
1	2015-05-08 21:23	23.75	74520	5.24	85.4	10.05	126	9.86	-38.44
1	2015-05-08 21:24	23.74	73840	5.26	85.4	10.05	126	9.83	-38.46
1	2015-05-08 21:25	23.73	78550	5.15	85.4	10.05	126	9.86	-38.49
1	2015-05-08 21:26	23.73	77150	5.19	85.5	10.05	125	9.83	-38.54
1	2015-05-08 21:27	23.73	76770	5.21	85.7	10.05	125	9.83	-38.55
1	2015-05-08 21:28	23.73	73540	5.3	85.9	10.05	124	9.85	-38.6
1	2015-05-08 21:29	23.72	75580	5.25	85.9	10.06	124	9.85	-38.62
1	2015-05-08 21:30	23.72	80560	5.14	86.1	10.06	124	9.83	-38.78
1	2015-05-08 21:31	23.72	77670	5.22	86.2	10.05	123	9.85	-38.61
1	2015-05-08 21:32	23.72	77050	5.23	86.2	10.06	123	9.8	-38.7
1	2015-05-08 21:33	23.72	76300	5.24	86.1	10.06	123	9.88	-38.8
1	2015-05-08 21:34	23.72	75060	5.28	86.2	10.06	122	9.83	-38.69
1	2015-05-08 21:35	23.72	74780	5.28	86.1	10.05	122	9.83	-38.59
1	2015-05-08 21:36	23.72	76460	5.24	86.1	10.06	122	9.8	-38.68
1	2015-05-08 21:37	23.72	76480	5.23	86	10.06	122	9.83	-38.64
1	2015-05-08 21:38	23.72	79280	5.16	85.9	10.05	122	9.83	-38.51
1	2015-05-08 21:39	23.72	73720	5.29	85.9	10.05	122	9.85	-38.46
1	2015-05-08 21:40	23.72	76340	5.22	85.7	10.05	122	9.83	-38.48
1	2015-05-08 21:41	23.73	74580	5.26	85.7	10.05	123	9.85	-38.43
1	2015-05-08 21:42	23.73	75020	5.25	85.7	10.05	123	9.83	-38.48
1	2015-05-08 21:43	23.74	76760	5.2	85.6	10.05	123	9.83	-38.44
1	2015-05-08 21:44	23.74	76050	5.21	85.5	10.05	123	9.83	-38.31
1	2015-05-08 21:45	23.75	76310	5.2	85.5	10.05	123	9.86	-38.45
1	2015-05-08 21:46	23.75	73410	5.26	85.3	10.05	123	9.8	-38.5
1	2015-05-08 21:47	23.75	76870	5.18	85.4	10.05	123	9.9	-38.54
1	2015-05-08 21:48	23.76	77220	5.17	85.2	10.05	123	9.81	-38.44
1	2015-05-08 21:49	23.77	75230	5.21	85.1	10.05	123	9.83	-38.45
1	2015-05-08 21:50	23.77	75480	5.2	85.1	10.05	124	9.85	-38.5
1	2015-05-08 21:51	23.78	72440	5.27	85.1	10.05	123	9.81	-38.59
1	2015-05-08 21:52	23.79	76770	5.17	85.1	10.05	124	9.85	-38.62
1	2015-05-08 21:53	23.79	75030	5.2	85	10.05	124	9.83	-38.6
1	2015-05-08 21:54	23.79	74200	5.22	85	10.05	124	9.81	-38.64
1	2015-05-08 21:55	23.79	73680	5.23	84.9	10.05	124	9.85	-38.56
1	2015-05-08 21:56	23.79	75940	5.17	84.8	10.05	124	9.88	-38.64
1	2015-05-08 21:57	23.79	77150	5.15	84.9	10.05	124	9.8	-38.63
1	2015-05-08 21:58	23.78	74390	5.2	84.8	10.05	124	9.83	-38.64
1	2015-05-08 21:59	23.78	75710	5.17	84.8	10.06	125	9.8	-38.74
1	2015-05-08 22:00	23.77	76600	5.15	84.8	10.06	125	9.8	-38.69
1	2015-05-08 22:01	23.76	75330	5.18	84.8	10.06	125	9.73	-38.79
1	2015-05-08 22:02	23.76	78350	5.11	84.7	10.06	124	9.81	-38.79
1	2015-05-08 22:03	23.75	74630	5.19	84.7	10.06	125	9.8	-38.89
1	2015-05-08 22:04	23.74	77900	5.12	84.7	10.07	125	9.9	-39.03
1	2015-05-08 22:05	23.73	75870	5.16	84.6	10.07	124	9.83	-39.07
1	2015-05-08 22:06	23.73	75330	5.18	84.6	10.07	124	9.83	-39.03
1	2015-05-08 22:07	23.73	77430	5.13	84.6	10.06	124	9.81	-38.98
1	2015-05-08 22:08	23.73	74340	5.2	84.6	10.06	124	9.85	-38.96
1	2015-05-08 22:09	23.73	76980	5.14	84.6	10.07	124	9.88	-39.05
1	2015-05-08 22:10	23.73	75420	5.18	84.7	10.07	124	9.83	-39
1	2015-05-08 22:11	23.74	75590	5.16	84.5	10.06	124	9.83	-38.87
1	2015-05-08 22:12	23.74	76930	5.13	84.5	10.06	124	9.85	-38.91
1	2015-05-08 22:13	23.75	75880	5.16	84.5	10.06	123	9.81	-38.87
1	2015-05-08 22:14	23.75	75220	5.17	84.5	10.06	123	9.78	-38.79
1	2015-05-08 22:15	23.75	74490	5.17	84.3	10.06	123	9.81	-38.81
1	2015-05-08 22:16	23.76	76730	5.12	84.3	10.06	124	9.8	-38.66
1	2015-05-08 22:17	23.76	79130	5.06	84.3	10.06	124	9.81	-38.7
1	2015-05-08 22:18	23.77	77040	5.11	84.2	10.06	124	9.8	-38.77
1	2015-05-08 22:19	23.78	75640	5.14	84.2	10.06	124	9.8	-38.85
1	2015-05-08 22:20	23.78	76410	5.11	84.1	10.06	124	9.81	-38.73
1	2015-05-08 22:21	23.79	77620	5.08	84	10.06	124	9.75	-38.67
1	2015-05-08 22:22	23.8	75300	5.13	84	10.06	124	9.81	-38.7
1	2015-05-08 22:23	23.8	77140	5.09	84	10.06	124	9.78	-38.66
1	2015-05-08 22:24	23.81	76220	5.11	84	10.06	125	9.8	-38.76
1	2015-05-08 22:25	23.82	74740	5.14	83.9	10.06	125	9.86	-38.77
1	2015-05-08 22:26	23.82	78260	5.05	83.9	10.06	125	9.78	-38.81
1	2015-05-08 22:27	23.83	75770	5.11	83.9	10.06	125	9.81	-38.72
1	2015-05-08 22:28	23.84	76030	5.1	83.8	10.06	125	9.81	-38.74
1	2015-05-08 22:29	23.85	73850	5.15	83.8	10.05	125	9.81	-38.65
1	2015-05-08 22:30	23.85	75760	5.1	83.7	10.06	125	9.81	-38.79
1	2015-05-08 22:31	23.86	75150	5.11	83.7	10.06	125	9.8	-38.72
1	2015-05-08 22:32	23.87	76870	5.07	83.7	10.06	125	9.81	-38.79
1	2015-05-08 22:33	23.87	74430	5.13	83.7	10.06	126	9.83	-38.89
1	2015-05-08 22:34	23.88	74660	5.12	83.6	10.06	126	9.8	-38.88
1	2015-05-08 22:35	23.88	75040	5.11	83.7	10.06	126	9.8	-38.91
1	2015-05-08 22:36	23.88	77000	5.06	83.6	10.06	126	9.8	-38.93
1	2015-05-08 22:37	23.88	74400	5.13	83.6	10.06	126	9.81	-38.98
1	2015-05-08 22:38	23.87	79000	5.02	83.6	10.06	126	9.81	-38.92
1	2015-05-08 22:39	23.87	77990	5.04	83.6	10.07	126	9.8	-39.09
1	2015-05-08 22:40	23.87	75360	5.1	83.5	10.07	126	9.8	-39.08
1	2015-05-08 22:41	23.86	76420	5.07	83.5	10.07	126	9.8	-39.09
1	2015-05-08 22:42	23.87	76270	5.07	83.5	10.07	127	9.78	-39.29
1	2015-05-08 22:43	23.87	78050	5.03	83.5	10.07	127	9.8	-39.33
1	2015-05-08 22:44	23.87	76340	5.07	83.5	10.07	127	9.8	-39.26
1	2015-05-08 22:45	23.87	78670	5.02	83.5	10.07	127	9.81	-39.22
1	2015-05-08 22:46	23.88	77190	5.05	83.5	10.07	127	9.8	-39.1
1	2015-05-08 22:47	23.88	78180	5.03	83.5	10.07	127	9.8	-39.3
1	2015-05-08 22:48	23.88	77510	5.04	83.5	10.07	127	9.81	-39.26
1	2015-05-08 22:49	23.89	76030	5.08	83.5	10.07	127	9.83	-39.24
1	2015-05-08 22:50	23.9	75640	5.09	83.5	10.07	127	9.78	-39.27
1	2015-05-08 22:51	23.9	77130	5.05	83.5	10.07	127	9.78	-39.26
1	2015-05-08 22:52	23.9	71920	5.17	83.5	10.07	127	9.88	-39.22
1	2015-05-08 22:53	23.91	73780	5.13	83.5	10.07	128	9.8	-39.2
1	2015-05-08 22:54	23.92	76360	5.06	83.4	10.07	128	9.78	-39.2
1	2015-05-08 22:55	23.92	75970	5.07	83.4	10.07	128	9.81	-39.15
1	2015-05-08 22:56	23.93	75060	5.1	83.5	10.07	128	9.78	-39.25
1	2015-05-08 22:57	23.93	74920	5.1	83.4	10.07	128	9.81	-39.2
1	2015-05-08 22:58	23.94	75060	5.09	83.5	10.07	128	9.8	-39.21
1	2015-05-08 22:59	23.95	72960	5.14	83.4	10.07	128	9.8	-39.19
1	2015-05-08 23:00	23.95	75240	5.08	83.4	10.07	128	9.8	-39.26
1	2015-05-08 23:01	23.96	73120	5.13	83.4	10.07	128	9.78	-39.22
1	2015-05-08 23:02	23.97	73690	5.12	83.4	10.07	128	9.78	-39.2
1	2015-05-08 23:03	23.98	76850	5.05	83.4	10.07	128	9.81	-39.32
1	2015-05-08 23:04	23.98	76010	5.06	83.4	10.07	128	9.8	-39.37
1	2015-05-08 23:05	23.99	76300	5.05	83.3	10.07	129	9.8	-39.33
1	2015-05-08 23:06	24	76680	5.04	83.3	10.07	129	9.8	-39.44
1	2015-05-08 23:07	24	76140	5.06	83.4	10.07	129	9.8	-39.34
1	2015-05-08 23:08	24	75510	5.07	83.4	10.08	129	9.78	-39.51
1	2015-05-08 23:09	24	76900	5.04	83.3	10.07	129	9.76	-39.45
1	2015-05-08 23:10	24	73420	5.12	83.4	10.07	129	9.76	-39.4
1	2015-05-08 23:11	23.99	75620	5.07	83.3	10.07	129	9.76	-39.46
1	2015-05-08 23:12	23.99	74470	5.1	83.4	10.08	129	9.8	-39.52
1	2015-05-08 23:13	23.98	73980	5.11	83.3	10.07	129	9.76	-39.46
1	2015-05-08 23:14	23.98	76130	5.06	83.3	10.08	129	9.78	-39.62
1	2015-05-08 23:15	23.98	80060	4.97	83.3	10.08	129	9.8	-39.53
1	2015-05-08 23:16	23.98	77510	5.03	83.3	10.08	129	9.76	-39.65
1	2015-05-08 23:17	23.98	75750	5.07	83.3	10.08	129	9.8	-39.79
1	2015-05-08 23:18	23.98	75190	5.08	83.3	10.08	129	9.8	-39.72
1	2015-05-08 23:19	23.98	79350	4.98	83.3	10.08	129	9.78	-39.74
1	2015-05-08 23:20	23.99	77030	5.04	83.3	10.08	129	9.78	-39.73
1	2015-05-08 23:21	23.99	75590	5.07	83.3	10.08	129	9.8	-39.75
1	2015-05-08 23:22	23.99	75550	5.07	83.3	10.08	129	9.76	-39.75
1	2015-05-08 23:23	24	75370	5.07	83.3	10.08	129	9.78	-39.74
1	2015-05-08 23:24	24	76390	5.04	83.3	10.08	129	9.8	-39.75
1	2015-05-08 23:25	24.01	78030	5.01	83.3	10.08	129	9.78	-39.6
1	2015-05-08 23:26	24.01	75980	5.05	83.2	10.08	129	9.76	-39.68
1	2015-05-08 23:27	24.02	77600	5.01	83.2	10.08	129	9.78	-39.69
1	2015-05-08 23:28	24.02	76000	5.05	83.3	10.08	129	9.76	-39.69
1	2015-05-08 23:29	24.03	75680	5.06	83.2	10.08	129	9.76	-39.75
1	2015-05-08 23:30	24.04	74490	5.08	83.2	10.08	129	9.78	-39.74
1	2015-05-08 23:31	24.04	74570	5.08	83.2	10.08	129	9.8	-39.79
1	2015-05-08 23:32	24.05	75510	5.06	83.2	10.08	129	9.76	-39.84
1	2015-05-08 23:33	24.05	73990	5.09	83.2	10.08	129	9.76	-39.85
1	2015-05-08 23:34	24.06	76590	5.03	83.2	10.08	129	9.78	-39.78
1	2015-05-08 23:35	24.07	75790	5.05	83.2	10.08	130	9.78	-39.81
1	2015-05-08 23:36	24.07	74290	5.08	83.2	10.09	130	9.76	-39.94
1	2015-05-08 23:37	24.08	75500	5.05	83.2	10.09	130	9.85	-39.95
1	2015-05-08 23:38	24.08	73280	5.11	83.2	10.09	130	9.78	-40.04
1	2015-05-08 23:39	24.08	76640	5.02	83.1	10.09	130	9.76	-40.03
1	2015-05-08 23:40	24.07	76810	5.02	83.1	10.09	130	9.81	-40.04
1	2015-05-08 23:41	24.07	77030	5.02	83.1	10.09	130	9.8	-40.14
1	2015-05-08 23:42	24.06	77640	5	83.1	10.09	130	9.78	-40.05
1	2015-05-08 23:43	24.05	79940	4.95	83.1	10.09	130	9.73	-40.09
1	2015-05-08 23:44	24.04	75020	5.06	83	10.09	130	9.78	-40.15
1	2015-05-08 23:45	24.03	77760	5	83	10.09	130	9.78	-40.17
1	2015-05-08 23:46	24.02	74980	5.06	83	10.1	130	9.78	-40.25
1	2015-05-08 23:47	24.01	77690	4.99	82.9	10.09	130	9.8	-40.15
1	2015-05-08 23:48	24	77610	5	82.9	10.1	130	9.73	-40.24
1	2015-05-08 23:49	24	75920	5.03	82.9	10.1	130	9.76	-40.22
1	2015-05-08 23:50	23.99	79200	4.96	82.9	10.1	129	9.86	-40.26
1	2015-05-08 23:51	23.99	76110	5.03	82.9	10.09	129	9.8	-40.2
1	2015-05-08 23:52	23.99	78610	4.97	82.9	10.1	129	9.73	-40.25
1	2015-05-08 23:53	23.99	73880	5.08	82.9	10.1	128	9.73	-40.31
1	2015-05-08 23:54	23.99	75110	5.05	82.8	10.1	128	9.75	-40.33
1	2015-05-08 23:55	23.99	76440	5.02	82.8	10.1	128	9.86	-40.33
1	2015-05-08 23:56	24	74300	5.06	82.7	10.1	128	9.78	-40.23
1	2015-05-08 23:57	24	75720	5.02	82.6	10.1	128	9.78	-40.37
1	2015-05-08 23:58	24.01	73310	5.08	82.7	10.1	128	9.75	-40.28
1	2015-05-08 23:59	24.01	76360	5.01	82.6	10.1	127	9.76	-40.33
1	2015-05-09 00:00	24.01	74110	5.06	82.7	10.1	127	9.76	-40.3
1	2015-05-09 00:01	24.02	75600	5.02	82.6	10.1	127	9.85	-40.43
1	2015-05-09 00:02	24.03	76260	5.01	82.6	10.1	127	9.78	-40.28
1	2015-05-09 00:03	24.03	77220	4.98	82.6	10.1	127	9.8	-40.36
1	2015-05-09 00:04	24.03	75600	5.02	82.6	10.1	127	9.76	-40.45
1	2015-05-09 00:05	24.04	75210	5.03	82.6	10.1	127	9.78	-40.38
1	2015-05-09 00:06	24.05	75480	5.02	82.5	10.1	127	9.76	-40.28
1	2015-05-09 00:07	24.05	75470	5.02	82.6	10.1	127	9.85	-40.37
1	2015-05-09 00:08	24.05	73950	5.05	82.5	10.1	127	9.76	-40.49
1	2015-05-09 00:09	24.06	77550	4.97	82.5	10.1	127	9.75	-40.56
1	2015-05-09 00:10	24.06	78490	4.94	82.5	10.1	127	9.83	-40.43
1	2015-05-09 00:11	24.05	74220	5.04	82.4	10.1	127	9.75	-40.59
1	2015-05-09 00:12	24.05	74070	5.04	82.4	10.1	127	9.76	-40.57
1	2015-05-09 00:13	24.04	78090	4.95	82.4	10.1	127	9.75	-40.55
1	2015-05-09 00:14	24.04	73670	5.05	82.4	10.11	127	9.76	-40.62
1	2015-05-09 00:15	24.03	74470	5.04	82.5	10.11	128	9.76	-40.65
1	2015-05-09 00:16	24.02	74660	5.03	82.4	10.11	128	9.73	-40.67
1	2015-05-09 00:17	24.01	80020	4.91	82.5	10.11	127	9.78	-40.67
1	2015-05-09 00:18	23.99	74100	5.05	82.4	10.1	127	9.76	-40.51
1	2015-05-09 00:19	23.98	77750	4.97	82.5	10.1	127	9.76	-40.52
1	2015-05-09 00:20	23.98	74970	5.03	82.4	10.1	127	9.83	-40.53
1	2015-05-09 00:21	23.97	77320	4.98	82.5	10.1	127	9.76	-40.53
1	2015-05-09 00:22	23.97	76020	5.01	82.5	10.11	126	9.83	-40.62
1	2015-05-09 00:23	23.97	79020	4.94	82.5	10.11	126	9.76	-40.61
1	2015-05-09 00:24	23.97	76880	4.99	82.5	10.11	126	9.75	-40.6
1	2015-05-09 00:25	23.97	78580	4.95	82.5	10.11	126	9.73	-40.7
1	2015-05-09 00:26	23.97	77720	4.97	82.4	10.11	126	9.78	-40.63
1	2015-05-09 00:27	23.98	74540	5.04	82.4	10.11	126	9.76	-40.61
1	2015-05-09 00:28	23.98	75560	5.01	82.4	10.11	126	9.76	-40.68
1	2015-05-09 00:29	23.98	75660	5.02	82.5	10.11	125	9.73	-40.66
1	2015-05-09 00:30	23.99	75410	5.02	82.4	10.11	126	9.75	-40.66
1	2015-05-09 00:31	24	75480	5.02	82.4	10.11	126	9.71	-40.63
1	2015-05-09 00:32	24	73750	5.05	82.3	10.11	126	9.73	-40.7
1	2015-05-09 00:33	24.01	74830	5.03	82.4	10.11	126	9.78	-40.72
1	2015-05-09 00:34	24.01	74640	5.03	82.3	10.11	126	9.75	-40.6
1	2015-05-09 00:35	24.02	74310	5.03	82.3	10.11	126	9.76	-40.81
1	2015-05-09 00:36	24.02	78280	4.94	82.2	10.11	126	9.75	-40.8
1	2015-05-09 00:37	24.03	74860	5.02	82.2	10.11	126	9.78	-40.87
1	2015-05-09 00:38	24.03	75250	5.01	82.2	10.11	127	9.83	-40.89
1	2015-05-09 00:39	24.04	77750	4.95	82.2	10.11	127	9.75	-40.87
1	2015-05-09 00:40	24.04	75150	5	82.2	10.11	127	9.73	-40.9
1	2015-05-09 00:41	24.05	74680	5.01	82.1	10.11	127	9.73	-40.9
1	2015-05-09 00:42	24.05	72830	5.06	82.2	10.12	127	9.73	-41.09
1	2015-05-09 00:43	24.05	74230	5.02	82.1	10.12	127	9.8	-41.16
1	2015-05-09 00:44	24.04	74670	5.01	82.1	10.12	127	9.76	-41.05
1	2015-05-09 00:45	24.04	75070	5.01	82.2	10.12	128	9.81	-41.06
1	2015-05-09 00:46	24.03	74330	5.03	82.2	10.12	128	9.75	-41.07
1	2015-05-09 00:47	24.02	77020	4.97	82.2	10.12	128	9.68	-41.01
1	2015-05-09 00:48	24.01	73880	5.04	82.2	10.11	128	9.73	-40.95
1	2015-05-09 00:49	24.01	75070	5.01	82.3	10.11	128	9.75	-40.91
1	2015-05-09 00:50	24	75300	5.01	82.3	10.11	128	9.71	-40.88
1	2015-05-09 00:51	23.99	76330	4.99	82.3	10.11	128	9.71	-40.93
1	2015-05-09 00:52	23.99	75930	5	82.3	10.11	127	9.75	-40.9
1	2015-05-09 00:53	23.99	75040	5.02	82.3	10.11	127	9.73	-40.94
1	2015-05-09 00:54	23.99	77510	4.97	82.4	10.12	127	9.71	-41.04
1	2015-05-09 00:55	23.99	75420	5.01	82.4	10.12	127	9.73	-41.01
1	2015-05-09 00:56	23.99	74260	5.03	82.3	10.12	127	9.75	-40.96
1	2015-05-09 00:57	23.99	75110	5.02	82.3	10.12	126	9.73	-41.04
1	2015-05-09 00:58	24	74810	5.03	82.3	10.12	126	9.71	-41.04
1	2015-05-09 00:59	24	76540	4.98	82.3	10.11	127	9.75	-40.95
1	2015-05-09 01:00	24.01	74560	5.02	82.2	10.11	127	9.75	-40.74
1	2015-05-09 01:01	24.01	79490	4.91	82.2	10.12	127	9.8	-40.99
1	2015-05-09 01:02	24.01	73730	5.04	82.1	10.11	127	9.8	-40.87
1	2015-05-09 01:03	24.02	76950	4.96	82.1	10.11	127	9.78	-40.92
1	2015-05-09 01:04	24.03	75960	4.99	82.1	10.12	127	9.73	-41
1	2015-05-09 01:05	24.03	75880	4.99	82.2	10.12	127	9.71	-40.98
1	2015-05-09 01:06	24.04	75110	5	82.1	10.11	127	9.76	-40.93
1	2015-05-09 01:07	24.05	76950	4.96	82.1	10.11	127	9.71	-40.98
1	2015-05-09 01:08	24.05	76180	4.98	82.1	10.11	127	9.73	-40.9
1	2015-05-09 01:09	24.05	77120	4.95	82	10.11	127	9.71	-40.96
1	2015-05-09 01:10	24.05	78870	4.91	82	10.12	127	9.75	-41
1	2015-05-09 01:11	24.05	77030	4.95	82	10.12	127	9.73	-41.02
1	2015-05-09 01:12	24.04	78350	4.92	82	10.12	127	9.73	-41.01
1	2015-05-09 01:13	24.03	75590	4.98	82	10.12	127	9.71	-41.07
1	2015-05-09 01:14	24.02	75910	4.97	81.9	10.12	128	9.73	-41.23
1	2015-05-09 01:15	24.02	74380	5.01	82	10.12	127	9.73	-41.1
1	2015-05-09 01:16	24.01	73700	5.02	81.9	10.12	127	9.68	-41.12
1	2015-05-09 01:17	24	76680	4.96	81.9	10.12	127	9.73	-41.1
1	2015-05-09 01:18	23.98	74500	5.01	82	10.12	127	9.75	-41.14
1	2015-05-09 01:19	23.97	77210	4.95	81.9	10.12	127	9.73	-41.09
1	2015-05-09 01:20	23.96	76880	4.96	82	10.12	127	9.73	-41.11
1	2015-05-09 01:21	23.95	77990	4.93	81.9	10.12	127	9.73	-41.12
1	2015-05-09 01:22	23.94	75190	5	82	10.12	127	9.69	-41.05
1	2015-05-09 01:23	23.92	78340	4.93	82	10.12	126	9.73	-41.23
1	2015-05-09 01:24	23.91	76280	4.97	81.9	10.12	126	9.75	-41.1
1	2015-05-09 01:25	23.9	75930	4.97	81.8	10.12	125	9.71	-41.07
1	2015-05-09 01:26	23.88	76610	4.96	81.8	10.12	125	9.78	-41.08
1	2015-05-09 01:27	23.87	75160	4.99	81.7	10.11	125	9.71	-40.88
1	2015-05-09 01:28	23.85	75420	4.98	81.6	10.12	125	9.71	-40.94
1	2015-05-09 01:29	23.84	75530	4.98	81.6	10.12	124	9.71	-40.93
1	2015-05-09 01:30	23.84	77640	4.93	81.6	10.11	124	9.75	-40.83
1	2015-05-09 01:31	23.83	74460	5	81.6	10.11	124	9.75	-40.83
1	2015-05-09 01:32	23.83	79750	4.87	81.5	10.11	124	9.69	-40.81
1	2015-05-09 01:33	23.84	75550	4.97	81.5	10.11	124	9.69	-40.83
1	2015-05-09 01:34	23.84	77190	4.93	81.5	10.11	124	9.73	-40.75
1	2015-05-09 01:35	23.84	75880	4.96	81.5	10.11	124	9.73	-40.77
1	2015-05-09 01:36	23.85	78700	4.89	81.4	10.11	124	9.69	-40.8
1	2015-05-09 01:37	23.85	77270	4.92	81.4	10.11	124	9.69	-40.72
1	2015-05-09 01:38	23.86	76020	4.95	81.3	10.11	124	9.73	-40.74
1	2015-05-09 01:39	23.86	77000	4.92	81.3	10.1	124	9.69	-40.49
1	2015-05-09 01:40	23.86	72290	5.03	81.3	10.1	124	9.71	-40.52
1	2015-05-09 01:41	23.87	78430	4.89	81.3	10.11	124	9.71	-40.61
1	2015-05-09 01:42	23.87	75020	4.96	81.2	10.11	124	9.73	-40.61
1	2015-05-09 01:43	23.88	75870	4.94	81.2	10.11	125	9.71	-40.6
1	2015-05-09 01:44	23.88	78160	4.89	81.1	10.11	125	9.69	-40.64
1	2015-05-09 01:45	23.89	75450	4.95	81.2	10.11	125	9.8	-40.58
1	2015-05-09 01:46	23.89	75900	4.94	81.1	10.11	125	9.75	-40.59
1	2015-05-09 01:47	23.9	74830	4.95	81	10.11	125	9.75	-40.56
1	2015-05-09 01:48	23.9	75460	4.94	81	10.11	125	9.73	-40.58
1	2015-05-09 01:49	23.91	74280	4.96	81	10.11	126	9.73	-40.61
1	2015-05-09 01:50	23.91	74780	4.95	81	10.1	126	9.73	-40.52
1	2015-05-09 01:51	23.92	76080	4.92	81	10.11	126	9.73	-40.67
1	2015-05-09 01:52	23.93	76160	4.92	81	10.1	127	9.69	-40.54
1	2015-05-09 01:53	23.93	72430	5	81	10.11	127	9.76	-40.67
1	2015-05-09 01:54	23.94	73640	4.97	80.9	10.11	127	9.71	-40.75
1	2015-05-09 01:55	23.95	74670	4.95	81	10.1	127	9.73	-40.54
1	2015-05-09 01:56	23.96	73560	4.97	80.9	10.11	128	9.71	-40.61
1	2015-05-09 01:57	23.96	76860	4.9	80.9	10.11	128	9.76	-40.76
1	2015-05-09 01:58	23.97	76640	4.9	80.9	10.11	128	9.69	-40.78
1	2015-05-09 01:59	23.98	76810	4.89	80.9	10.11	128	9.71	-40.82
1	2015-05-09 02:00	23.98	76010	4.91	80.8	10.11	128	9.73	-40.84
1	2015-05-09 02:01	23.98	76770	4.89	80.7	10.11	129	9.73	-40.86
1	2015-05-09 02:02	23.98	74390	4.94	80.8	10.11	129	9.71	-40.88
1	2015-05-09 02:03	23.97	74920	4.92	80.7	10.11	129	9.71	-40.89
1	2015-05-09 02:04	23.97	75190	4.92	80.8	10.12	129	9.71	-41
1	2015-05-09 02:05	23.96	78520	4.85	80.7	10.11	129	9.76	-40.93
1	2015-05-09 02:06	23.96	75230	4.92	80.7	10.12	129	9.71	-41.03
1	2015-05-09 02:07	23.95	76640	4.89	80.7	10.12	129	9.71	-41.01
1	2015-05-09 02:08	23.95	75750	4.9	80.6	10.12	130	9.75	-40.97
1	2015-05-09 02:09	23.95	74930	4.92	80.7	10.12	130	9.71	-40.96
1	2015-05-09 02:10	23.95	76900	4.88	80.6	10.12	130	9.69	-41.06
1	2015-05-09 02:11	23.95	77190	4.87	80.6	10.12	130	9.69	-41.16
1	2015-05-09 02:12	23.95	78290	4.85	80.6	10.12	130	9.71	-40.99
1	2015-05-09 02:13	23.95	73060	4.96	80.6	10.12	130	9.76	-40.95
1	2015-05-09 02:14	23.96	74330	4.93	80.6	10.12	130	9.68	-41.1
1	2015-05-09 02:15	23.96	75450	4.91	80.6	10.12	130	9.71	-41.03
1	2015-05-09 02:16	23.97	75020	4.91	80.5	10.12	130	9.68	-40.97
1	2015-05-09 02:17	23.97	78150	4.84	80.6	10.11	130	9.69	-40.87
1	2015-05-09 02:18	23.98	76660	4.88	80.5	10.11	130	9.69	-40.9
1	2015-05-09 02:19	23.98	75800	4.89	80.5	10.11	130	9.71	-40.95
1	2015-05-09 02:20	23.99	75050	4.9	80.4	10.11	131	9.78	-40.86
1	2015-05-09 02:21	23.99	77530	4.85	80.4	10.11	131	9.69	-40.9
1	2015-05-09 02:22	24	74690	4.91	80.4	10.11	131	9.78	-40.88
1	2015-05-09 02:23	24	77810	4.84	80.3	10.11	131	9.71	-40.91
1	2015-05-09 02:24	24.01	74520	4.91	80.3	10.11	131	9.69	-40.87
1	2015-05-09 02:25	24.02	76950	4.86	80.4	10.11	131	9.68	-40.85
1	2015-05-09 02:26	24.02	74650	4.9	80.3	10.11	131	9.66	-40.9
1	2015-05-09 02:27	24.03	74010	4.92	80.3	10.11	132	9.68	-40.89
1	2015-05-09 02:28	24.04	76470	4.86	80.3	10.11	132	9.66	-40.82
1	2015-05-09 02:29	24.04	76090	4.87	80.3	10.11	132	9.69	-40.87
1	2015-05-09 02:30	24.05	74080	4.92	80.3	10.11	132	9.66	-40.88
1	2015-05-09 02:31	24.06	76400	4.86	80.3	10.11	132	9.68	-40.89
1	2015-05-09 02:32	24.06	75390	4.88	80.3	10.11	132	9.69	-40.92
1	2015-05-09 02:33	24.07	76110	4.87	80.3	10.11	133	9.69	-40.98
1	2015-05-09 02:34	24.08	77730	4.83	80.3	10.11	133	9.66	-40.87
1	2015-05-09 02:35	24.09	74980	4.89	80.3	10.12	133	9.69	-41
1	2015-05-09 02:36	24.09	74420	4.9	80.2	10.12	133	9.69	-41.07
1	2015-05-09 02:37	24.1	72620	4.94	80.2	10.12	133	9.71	-41.11
1	2015-05-09 02:38	24.1	76220	4.86	80.2	10.12	133	9.69	-41.08
1	2015-05-09 02:39	24.1	77160	4.84	80.3	10.12	133	9.71	-41.19
1	2015-05-09 02:40	24.1	75950	4.87	80.3	10.12	134	9.71	-41.17
1	2015-05-09 02:41	24.09	74260	4.9	80.2	10.12	134	9.75	-41.27
1	2015-05-09 02:42	24.09	74890	4.89	80.2	10.12	134	9.69	-41.32
1	2015-05-09 02:43	24.08	74830	4.89	80.2	10.12	134	9.68	-41.3
1	2015-05-09 02:44	24.08	74770	4.89	80.2	10.12	134	9.75	-41.21
1	2015-05-09 02:45	24.07	76040	4.86	80.1	10.12	134	9.69	-41.26
1	2015-05-09 02:46	24.07	76420	4.85	80.2	10.13	134	9.69	-41.37
1	2015-05-09 02:47	24.07	77290	4.83	80.2	10.13	134	9.66	-41.48
1	2015-05-09 02:48	24.07	76640	4.85	80.3	10.13	134	9.69	-41.38
1	2015-05-09 02:49	24.07	74410	4.9	80.2	10.13	134	9.66	-41.44
1	2015-05-09 02:50	24.08	76750	4.84	80.1	10.13	134	9.68	-41.39
1	2015-05-09 02:51	24.08	74060	4.9	80.2	10.12	134	9.69	-41.31
1	2015-05-09 02:52	24.08	77830	4.82	80.2	10.12	134	9.66	-41.33
1	2015-05-09 02:53	24.09	78980	4.79	80.1	10.12	134	9.68	-41.35
1	2015-05-09 02:54	24.09	75890	4.86	80.1	10.12	134	9.68	-41.31
1	2015-05-09 02:55	24.1	77530	4.82	80.1	10.12	134	9.71	-41.32
1	2015-05-09 02:56	24.1	76200	4.85	80.2	10.12	134	9.64	-41.35
1	2015-05-09 02:57	24.11	74240	4.89	80.1	10.12	134	9.68	-41.29
1	2015-05-09 02:58	24.11	76710	4.84	80.1	10.12	134	9.71	-41.27
1	2015-05-09 02:59	24.12	78350	4.8	80.1	10.12	134	9.68	-41.3
1	2015-05-09 03:00	24.12	75610	4.86	80.1	10.12	134	9.64	-41.27
1	2015-05-09 03:01	24.13	74830	4.88	80.1	10.12	134	9.71	-41.26
1	2015-05-09 03:02	24.13	73160	4.91	80.1	10.12	135	9.66	-41.27
1	2015-05-09 03:03	24.14	72050	4.94	80.1	10.12	135	9.76	-41.23
1	2015-05-09 03:04	24.14	74460	4.88	80.1	10.12	135	9.66	-41.34
1	2015-05-09 03:05	24.15	76510	4.84	80.1	10.12	135	9.68	-41.24
1	2015-05-09 03:06	24.15	75290	4.86	80	10.13	135	9.76	-41.41
1	2015-05-09 03:07	24.15	76360	4.84	80	10.13	135	9.64	-41.4
1	2015-05-09 03:08	24.15	75520	4.86	80.1	10.12	135	9.64	-41.35
1	2015-05-09 03:09	24.14	76940	4.83	80	10.12	135	9.66	-41.38
1	2015-05-09 03:10	24.14	77410	4.82	80	10.12	135	9.68	-41.32
1	2015-05-09 03:11	24.13	77270	4.82	80.1	10.13	135	9.71	-41.52
1	2015-05-09 03:12	24.12	77400	4.82	80.1	10.13	136	9.66	-41.51
1	2015-05-09 03:13	24.11	74550	4.88	80.1	10.13	136	9.66	-41.58
1	2015-05-09 03:14	24.1	75440	4.86	80	10.13	136	9.69	-41.66
1	2015-05-09 03:15	24.09	76600	4.84	80.1	10.13	136	9.59	-41.72
1	2015-05-09 03:16	24.08	75100	4.87	80.1	10.13	136	9.75	-41.66
1	2015-05-09 03:17	24.08	76250	4.85	80	10.13	135	9.68	-41.6
1	2015-05-09 03:18	24.08	76610	4.84	80	10.13	135	9.69	-41.63
1	2015-05-09 03:19	24.07	74920	4.88	80	10.13	135	9.64	-41.67
1	2015-05-09 03:20	24.07	76730	4.83	80	10.13	135	9.75	-41.67
1	2015-05-09 03:21	24.08	74290	4.89	80	10.13	134	9.68	-41.68
1	2015-05-09 03:22	24.08	76960	4.82	79.9	10.13	134	9.68	-41.72
1	2015-05-09 03:23	24.08	75110	4.86	79.9	10.14	134	9.68	-41.76
1	2015-05-09 03:24	24.08	73950	4.89	79.8	10.13	134	9.76	-41.66
1	2015-05-09 03:25	24.09	79080	4.77	79.8	10.13	134	9.66	-41.59
1	2015-05-09 03:26	24.09	77520	4.8	79.8	10.13	134	9.64	-41.67
1	2015-05-09 03:27	24.09	74320	4.87	79.8	10.13	134	9.64	-41.74
1	2015-05-09 03:28	24.1	75560	4.84	79.8	10.13	134	9.75	-41.66
1	2015-05-09 03:29	24.1	77330	4.81	79.8	10.13	133	9.69	-41.64
1	2015-05-09 03:30	24.11	77180	4.81	79.7	10.13	133	9.64	-41.61
1	2015-05-09 03:31	24.11	74210	4.87	79.7	10.13	133	9.69	-41.66
1	2015-05-09 03:32	24.12	76690	4.81	79.7	10.13	133	9.68	-41.65
1	2015-05-09 03:33	24.12	74550	4.86	79.7	10.13	133	9.68	-41.65
1	2015-05-09 03:34	24.13	74520	4.86	79.6	10.13	133	9.66	-41.66
1	2015-05-09 03:35	24.13	76330	4.81	79.6	10.13	134	9.66	-41.55
1	2015-05-09 03:36	24.14	75550	4.83	79.6	10.13	134	9.66	-41.63
1	2015-05-09 03:37	24.14	75520	4.83	79.6	10.13	134	9.66	-41.76
1	2015-05-09 03:38	24.15	76420	4.8	79.5	10.13	134	9.64	-41.7
1	2015-05-09 03:39	24.15	72860	4.88	79.5	10.13	134	9.66	-41.72
1	2015-05-09 03:40	24.16	72790	4.88	79.4	10.14	134	9.64	-41.84
1	2015-05-09 03:41	24.16	76310	4.8	79.4	10.13	134	9.68	-41.76
1	2015-05-09 03:42	24.16	77070	4.79	79.5	10.14	134	9.69	-41.85
1	2015-05-09 03:43	24.16	75190	4.83	79.5	10.14	134	9.66	-41.84
1	2015-05-09 03:44	24.15	79250	4.74	79.5	10.14	134	9.66	-41.88
1	2015-05-09 03:45	24.14	78020	4.77	79.4	10.14	134	9.66	-41.87
1	2015-05-09 03:46	24.14	76720	4.79	79.4	10.14	134	9.66	-41.84
1	2015-05-09 03:47	24.13	76160	4.81	79.5	10.14	134	9.73	-41.91
1	2015-05-09 03:48	24.12	75310	4.83	79.5	10.14	135	9.64	-41.85
1	2015-05-09 03:49	24.11	74650	4.84	79.4	10.14	135	9.68	-41.87
1	2015-05-09 03:50	24.1	75880	4.81	79.4	10.14	134	9.66	-41.76
1	2015-05-09 03:51	24.08	77550	4.78	79.4	10.14	134	9.73	-41.86
1	2015-05-09 03:52	24.07	77010	4.79	79.4	10.14	134	9.66	-41.87
1	2015-05-09 03:53	24.06	75950	4.81	79.3	10.14	134	9.66	-41.89
1	2015-05-09 03:54	24.05	77590	4.78	79.3	10.14	134	9.69	-41.9
1	2015-05-09 03:55	24.04	74210	4.85	79.2	10.14	134	9.61	-41.74
1	2015-05-09 03:56	24.04	76390	4.8	79.2	10.13	133	9.64	-41.68
1	2015-05-09 03:57	24.04	76830	4.79	79.2	10.14	133	9.66	-41.73
1	2015-05-09 03:58	24.04	75130	4.82	79.2	10.14	133	9.73	-41.74
1	2015-05-09 03:59	24.04	74620	4.84	79.3	10.13	133	9.64	-41.71
1	2015-05-09 04:00	24.04	74680	4.84	79.3	10.13	133	9.64	-41.72
1	2015-05-09 04:01	24.04	78330	4.76	79.3	10.13	133	9.64	-41.67
1	2015-05-09 04:02	24.05	75880	4.81	79.2	10.13	133	9.64	-41.61
1	2015-05-09 04:03	24.05	75180	4.82	79.2	10.13	132	9.64	-41.72
1	2015-05-09 04:04	24.05	74420	4.84	79.2	10.14	132	9.66	-41.78
1	2015-05-09 04:05	24.06	75380	4.82	79.2	10.13	133	9.64	-41.7
1	2015-05-09 04:06	24.06	75840	4.81	79.3	10.13	133	9.68	-41.67
1	2015-05-09 04:07	24.07	77450	4.77	79.3	10.13	133	9.63	-41.64
1	2015-05-09 04:08	24.07	75210	4.81	79.1	10.13	133	9.66	-41.65
1	2015-05-09 04:09	24.08	75530	4.81	79.2	10.13	133	9.64	-41.69
1	2015-05-09 04:10	24.08	76880	4.78	79.2	10.13	133	9.64	-41.61
1	2015-05-09 04:11	24.09	74460	4.83	79.1	10.13	133	9.64	-41.65
1	2015-05-09 04:12	24.09	77180	4.77	79.1	10.13	133	9.64	-41.68
1	2015-05-09 04:13	24.1	77940	4.76	79.2	10.13	134	9.66	-41.68
1	2015-05-09 04:14	24.1	73760	4.85	79.1	10.13	134	9.64	-41.73
1	2015-05-09 04:15	24.11	76450	4.78	79.1	10.14	134	9.66	-41.76
1	2015-05-09 04:16	24.11	73390	4.85	79.1	10.14	134	9.61	-41.81
1	2015-05-09 04:17	24.12	74240	4.82	79	10.14	134	9.63	-41.91
1	2015-05-09 04:18	24.12	75230	4.8	78.9	10.14	134	9.63	-41.89
1	2015-05-09 04:19	24.12	77070	4.76	78.9	10.14	134	9.66	-41.94
1	2015-05-09 04:20	24.11	75350	4.8	78.9	10.14	134	9.69	-41.94
1	2015-05-09 04:21	24.1	72930	4.85	78.9	10.14	134	9.66	-41.89
1	2015-05-09 04:22	24.1	76250	4.78	79	10.14	134	9.64	-41.91
1	2015-05-09 04:23	24.09	75220	4.8	78.9	10.14	135	9.71	-41.86
1	2015-05-09 04:24	24.08	76190	4.78	78.9	10.13	134	9.64	-41.73
1	2015-05-09 04:25	24.06	77020	4.76	78.9	10.14	134	9.63	-41.77
1	2015-05-09 04:26	24.05	76680	4.77	78.8	10.14	134	9.73	-41.8
1	2015-05-09 04:27	24.05	76650	4.77	78.9	10.14	134	9.71	-41.75
1	2015-05-09 04:28	24.04	76120	4.78	78.9	10.14	134	9.63	-41.81
1	2015-05-09 04:29	24.03	76770	4.77	78.9	10.14	134	9.63	-41.79
1	2015-05-09 04:30	24.03	76410	4.78	78.9	10.14	134	9.64	-41.76
1	2015-05-09 04:31	24.03	75040	4.8	78.8	10.13	133	9.64	-41.64
1	2015-05-09 04:32	24.03	76390	4.78	78.9	10.13	133	9.66	-41.72
1	2015-05-09 04:33	24.03	78430	4.73	78.8	10.14	133	9.69	-41.74
1	2015-05-09 04:34	24.03	74850	4.81	78.8	10.13	133	9.64	-41.64
1	2015-05-09 04:35	24.03	76340	4.77	78.7	10.13	132	9.64	-41.51
1	2015-05-09 04:36	24.04	75440	4.79	78.8	10.13	132	9.63	-41.62
1	2015-05-09 04:37	24.04	75960	4.77	78.7	10.13	132	9.59	-41.59
1	2015-05-09 04:38	24.05	77250	4.75	78.7	10.13	132	9.59	-41.51
1	2015-05-09 04:39	24.05	75210	4.79	78.8	10.13	132	9.64	-41.6
1	2015-05-09 04:40	24.06	74960	4.8	78.7	10.13	132	9.61	-41.54
1	2015-05-09 04:41	24.06	76530	4.76	78.8	10.13	132	9.63	-41.58
1	2015-05-09 04:42	24.07	74110	4.81	78.7	10.13	132	9.73	-41.56
1	2015-05-09 04:43	24.07	74510	4.81	78.7	10.13	132	9.66	-41.47
1	2015-05-09 04:44	24.08	77130	4.75	78.7	10.13	132	9.63	-41.57
1	2015-05-09 04:45	24.08	77050	4.75	78.7	10.13	132	9.63	-41.57
1	2015-05-09 04:46	24.09	72170	4.86	78.7	10.13	132	9.66	-41.65
1	2015-05-09 04:47	24.09	75760	4.78	78.8	10.13	133	9.64	-41.56
1	2015-05-09 04:48	24.1	74140	4.81	78.7	10.13	133	9.59	-41.65
1	2015-05-09 04:49	24.1	76790	4.75	78.7	10.13	133	9.63	-41.59
1	2015-05-09 04:50	24.11	77460	4.74	78.8	10.13	133	9.59	-41.67
1	2015-05-09 04:51	24.11	77170	4.75	78.8	10.13	133	9.61	-41.74
1	2015-05-09 04:52	24.11	76030	4.77	78.7	10.13	133	9.64	-41.66
1	2015-05-09 04:53	24.11	74700	4.8	78.7	10.13	133	9.66	-41.67
1	2015-05-09 04:54	24.1	77550	4.74	78.7	10.13	133	9.64	-41.75
1	2015-05-09 04:55	24.1	76870	4.75	78.7	10.13	133	9.66	-41.74
1	2015-05-09 04:56	24.09	76360	4.76	78.7	10.13	133	9.69	-41.61
1	2015-05-09 04:57	24.08	75640	4.78	78.7	10.14	133	9.63	-41.82
1	2015-05-09 04:58	24.07	74000	4.81	78.7	10.14	133	9.64	-41.91
1	2015-05-09 04:59	24.06	74990	4.79	78.6	10.14	134	9.63	-41.75
1	2015-05-09 05:00	24.05	76250	4.77	78.7	10.14	133	9.59	-41.89
1	2015-05-09 05:01	24.04	74400	4.81	78.7	10.14	133	9.59	-41.82
1	2015-05-09 05:02	24.03	75640	4.78	78.7	10.14	133	9.59	-41.91
1	2015-05-09 05:03	24.02	74520	4.81	78.7	10.14	133	9.59	-41.91
1	2015-05-09 05:04	24.02	77680	4.74	78.7	10.14	133	9.56	-41.9
1	2015-05-09 05:05	24.02	76890	4.75	78.7	10.14	133	9.61	-41.94
1	2015-05-09 05:06	24.01	74070	4.82	78.7	10.14	133	9.58	-41.91
1	2015-05-09 05:07	24.01	74300	4.81	78.6	10.14	132	9.64	-41.91
1	2015-05-09 05:08	24.02	75590	4.78	78.7	10.14	132	9.71	-41.88
1	2015-05-09 05:09	24.02	74990	4.79	78.7	10.14	132	9.63	-41.82
1	2015-05-09 05:10	24.02	75300	4.79	78.6	10.14	132	9.63	-41.81
1	2015-05-09 05:11	24.03	75150	4.79	78.6	10.14	132	9.64	-41.87
1	2015-05-09 05:12	24.03	75170	4.78	78.5	10.14	132	9.52	-41.74
1	2015-05-09 05:13	24.03	76820	4.75	78.6	10.14	132	9.64	-41.83
1	2015-05-09 05:14	24.04	75890	4.76	78.4	10.14	132	9.61	-41.82
1	2015-05-09 05:15	24.04	76700	4.75	78.6	10.14	132	9.63	-41.8
1	2015-05-09 05:16	24.05	79040	4.69	78.5	10.14	132	9.56	-41.78
1	2015-05-09 05:17	24.05	77090	4.73	78.5	10.14	132	9.64	-41.86
1	2015-05-09 05:18	24.06	77300	4.73	78.4	10.14	132	9.59	-41.75
1	2015-05-09 05:19	24.06	74580	4.78	78.4	10.14	133	9.63	-41.89
1	2015-05-09 05:20	24.07	78370	4.7	78.4	10.14	133	9.61	-41.88
1	2015-05-09 05:21	24.07	74760	4.78	78.4	10.13	133	9.59	-41.68
1	2015-05-09 05:22	24.08	73940	4.79	78.3	10.14	133	9.59	-41.77
1	2015-05-09 05:23	24.09	76020	4.75	78.3	10.14	133	9.58	-41.84
1	2015-05-09 05:24	24.09	76070	4.75	78.4	10.14	133	9.61	-41.89
1	2015-05-09 05:25	24.1	75510	4.76	78.3	10.14	134	9.59	-41.87
1	2015-05-09 05:26	24.1	75260	4.76	78.2	10.14	134	9.58	-41.76
1	2015-05-09 05:27	24.11	75470	4.75	78.2	10.14	134	9.61	-41.91
1	2015-05-09 05:28	24.12	75330	4.76	78.3	10.14	134	9.63	-41.93
1	2015-05-09 05:29	24.12	77640	4.7	78.2	10.14	135	9.59	-41.87
1	2015-05-09 05:30	24.12	76320	4.73	78.2	10.14	135	9.59	-41.97
1	2015-05-09 05:31	24.12	74260	4.77	78.1	10.14	135	9.61	-41.92
1	2015-05-09 05:32	24.12	73450	4.79	78.1	10.14	135	9.61	-42.01
1	2015-05-09 05:33	24.11	76380	4.73	78.1	10.14	135	9.61	-41.92
1	2015-05-09 05:34	24.1	75440	4.74	78	10.14	136	9.59	-41.96
1	2015-05-09 05:35	24.09	76540	4.72	78	10.14	136	9.61	-42.01
1	2015-05-09 05:36	24.09	76360	4.72	78	10.14	136	9.59	-41.99
1	2015-05-09 05:37	24.08	75690	4.74	78	10.14	136	9.61	-42.06
1	2015-05-09 05:38	24.07	75200	4.74	77.9	10.14	136	9.61	-41.98
1	2015-05-09 05:39	24.07	76710	4.71	77.9	10.14	136	9.61	-42.05
1	2015-05-09 05:40	24.07	77660	4.69	78	10.14	136	9.59	-42.01
1	2015-05-09 05:41	24.07	74880	4.75	77.9	10.14	136	9.66	-42.04
1	2015-05-09 05:42	24.07	74650	4.76	78	10.14	136	9.59	-42.06
1	2015-05-09 05:43	24.07	74680	4.75	77.9	10.14	136	9.56	-42.08
1	2015-05-09 05:44	24.07	76000	4.72	77.9	10.14	136	9.61	-41.93
1	2015-05-09 05:45	24.08	74850	4.75	77.9	10.14	136	9.56	-42.03
1	2015-05-09 05:46	24.08	73220	4.78	77.9	10.14	136	9.69	-42.01
1	2015-05-09 05:47	24.09	75930	4.72	77.8	10.14	136	9.61	-42.06
1	2015-05-09 05:48	24.09	77770	4.68	77.9	10.15	136	9.59	-42.13
1	2015-05-09 05:49	24.09	74710	4.74	77.8	10.15	136	9.54	-42.24
1	2015-05-09 05:50	24.1	74140	4.75	77.7	10.15	136	9.59	-42.16
1	2015-05-09 05:51	24.1	75920	4.71	77.7	10.14	136	9.58	-42.1
1	2015-05-09 05:52	24.11	76200	4.71	77.8	10.15	136	9.51	-42.19
1	2015-05-09 05:53	24.11	78030	4.66	77.7	10.15	136	9.63	-42.18
1	2015-05-09 05:54	24.12	77560	4.67	77.6	10.14	137	9.68	-42.09
1	2015-05-09 05:55	24.12	74770	4.73	77.6	10.14	137	9.58	-41.96
1	2015-05-09 05:56	24.13	74060	4.74	77.5	10.14	137	9.59	-42.11
1	2015-05-09 05:57	24.14	74430	4.72	77.5	10.15	137	9.61	-42.16
1	2015-05-09 05:58	24.14	74170	4.73	77.5	10.15	137	9.61	-42.14
1	2015-05-09 05:59	24.15	75700	4.7	77.5	10.14	137	9.63	-42.08
1	2015-05-09 06:00	24.15	75890	4.7	77.5	10.14	137	9.59	-42.09
1	2015-05-09 06:01	24.16	74970	4.71	77.4	10.14	138	9.59	-42.12
1	2015-05-09 06:02	24.17	75470	4.7	77.4	10.14	138	9.58	-42.13
1	2015-05-09 06:03	24.17	76680	4.67	77.4	10.15	138	9.59	-42.25
1	2015-05-09 06:04	24.18	73960	4.73	77.5	10.15	138	9.59	-42.27
1	2015-05-09 06:05	24.18	76980	4.67	77.5	10.15	138	9.59	-42.23
1	2015-05-09 06:06	24.19	76700	4.67	77.5	10.15	138	9.61	-42.23
1	2015-05-09 06:07	24.19	75450	4.7	77.5	10.15	138	9.66	-42.38
1	2015-05-09 06:08	24.19	76840	4.67	77.4	10.15	139	9.58	-42.4
1	2015-05-09 06:09	24.19	74720	4.71	77.5	10.15	139	9.61	-42.41
1	2015-05-09 06:10	24.19	78760	4.63	77.5	10.15	139	9.56	-42.37
1	2015-05-09 06:11	24.19	77310	4.66	77.4	10.15	139	9.56	-42.43
1	2015-05-09 06:12	24.18	73940	4.73	77.5	10.15	139	9.58	-42.37
1	2015-05-09 06:13	24.17	74360	4.73	77.5	10.15	139	9.58	-42.4
1	2015-05-09 06:14	24.17	76440	4.68	77.5	10.15	140	9.59	-42.41
1	2015-05-09 06:15	24.16	76350	4.69	77.5	10.15	140	9.56	-42.39
1	2015-05-09 06:16	24.15	74650	4.72	77.5	10.15	140	9.68	-42.36
1	2015-05-09 06:17	24.15	77590	4.66	77.6	10.15	139	9.58	-42.25
1	2015-05-09 06:18	24.14	76120	4.7	77.6	10.15	139	9.56	-42.31
1	2015-05-09 06:19	24.14	76390	4.69	77.6	10.15	139	9.58	-42.36
1	2015-05-09 06:20	24.14	75690	4.71	77.6	10.15	139	9.59	-42.35
1	2015-05-09 06:21	24.15	77310	4.67	77.5	10.15	139	9.56	-42.39
1	2015-05-09 06:22	24.15	77750	4.66	77.5	10.15	139	9.59	-42.4
1	2015-05-09 06:23	24.15	77630	4.66	77.5	10.15	139	9.54	-42.36
1	2015-05-09 06:24	24.16	74280	4.73	77.5	10.15	139	9.59	-42.26
1	2015-05-09 06:25	24.16	75340	4.71	77.5	10.15	139	9.54	-42.35
1	2015-05-09 06:26	24.16	75660	4.7	77.5	10.15	139	9.58	-42.28
1	2015-05-09 06:27	24.17	75970	4.69	77.5	10.15	139	9.56	-42.21
1	2015-05-09 06:28	24.17	76360	4.68	77.5	10.15	139	9.56	-42.25
1	2015-05-09 06:29	24.18	76690	4.67	77.5	10.15	139	9.56	-42.21
1	2015-05-09 06:30	24.18	72970	4.75	77.4	10.15	139	9.59	-42.22
1	2015-05-09 06:31	24.19	75010	4.7	77.4	10.15	139	9.58	-42.32
1	2015-05-09 06:32	24.19	76040	4.68	77.4	10.15	139	9.61	-42.24
1	2015-05-09 06:33	24.2	73670	4.73	77.4	10.15	139	9.66	-42.18
1	2015-05-09 06:34	24.21	76050	4.68	77.4	10.14	139	9.54	-42.1
1	2015-05-09 06:35	24.21	75880	4.68	77.4	10.15	139	9.59	-42.33
1	2015-05-09 06:36	24.21	75740	4.68	77.3	10.15	139	9.56	-42.25
1	2015-05-09 06:37	24.21	74780	4.7	77.3	10.15	139	9.56	-42.31
1	2015-05-09 06:38	24.2	76780	4.66	77.3	10.15	139	9.66	-42.29
1	2015-05-09 06:39	24.2	73540	4.73	77.3	10.15	139	9.54	-42.39
1	2015-05-09 06:40	24.19	77380	4.65	77.3	10.15	139	9.66	-42.34
1	2015-05-09 06:41	24.18	75350	4.69	77.2	10.15	139	9.58	-42.32
1	2015-05-09 06:42	24.17	76240	4.67	77.3	10.15	139	9.58	-42.38
1	2015-05-09 06:43	24.16	77230	4.65	77.2	10.15	140	9.64	-42.37
1	2015-05-09 06:44	24.15	77440	4.65	77.2	10.15	140	9.54	-42.39
1	2015-05-09 06:45	24.14	76690	4.66	77.2	10.15	139	9.52	-42.34
1	2015-05-09 06:46	24.13	77380	4.64	77.1	10.15	139	9.58	-42.45
1	2015-05-09 06:47	24.11	80080	4.58	77.1	10.15	139	9.54	-42.38
1	2015-05-09 06:48	24.1	75610	4.68	77.1	10.15	138	9.58	-42.41
1	2015-05-09 06:49	24.1	76250	4.67	77.1	10.15	138	9.58	-42.27
1	2015-05-09 06:50	24.09	77570	4.63	77	10.14	138	9.56	-42.06
1	2015-05-09 06:51	24.09	76590	4.66	77.1	10.15	137	9.58	-42.19
1	2015-05-09 06:52	24.09	78820	4.61	77	10.15	137	9.58	-42.24
1	2015-05-09 06:53	24.09	76440	4.66	77	10.15	137	9.58	-42.3
1	2015-05-09 06:54	24.09	72780	4.73	77	10.15	137	9.52	-42.15
1	2015-05-09 06:55	24.09	77260	4.63	76.9	10.15	136	9.66	-42.24
1	2015-05-09 06:56	24.09	77510	4.62	76.8	10.15	136	9.52	-42.15
1	2015-05-09 06:57	24.09	76410	4.66	77	10.14	136	9.56	-42.07
1	2015-05-09 06:58	24.1	75280	4.68	76.9	10.15	136	9.58	-42.19
1	2015-05-09 06:59	24.1	79930	4.58	76.9	10.15	136	9.54	-42.19
1	2015-05-09 07:00	24.1	78830	4.6	76.9	10.14	136	9.58	-42.04
1	2015-05-09 07:01	24.11	76160	4.65	76.8	10.15	136	9.56	-42.2
1	2015-05-09 07:02	24.11	74690	4.68	76.8	10.15	136	9.56	-42.18
1	2015-05-09 07:03	24.12	75870	4.66	76.8	10.15	135	9.52	-42.14
1	2015-05-09 07:04	24.12	75710	4.67	76.9	10.15	135	9.54	-42.16
1	2015-05-09 07:05	24.13	74990	4.68	76.8	10.15	135	9.56	-42.17
1	2015-05-09 07:06	24.13	76450	4.64	76.8	10.14	135	9.56	-42.08
1	2015-05-09 07:07	24.14	75890	4.65	76.8	10.15	135	9.54	-42.17
1	2015-05-09 07:08	24.14	75120	4.66	76.7	10.15	136	9.56	-42.23
1	2015-05-09 07:09	24.14	75030	4.67	76.8	10.15	136	9.52	-42.16
1	2015-05-09 07:10	24.15	73840	4.69	76.8	10.15	136	9.54	-42.27
1	2015-05-09 07:11	24.15	75240	4.66	76.7	10.15	136	9.56	-42.21
1	2015-05-09 07:12	24.16	74010	4.69	76.7	10.15	136	9.54	-42.28
1	2015-05-09 07:13	24.17	76870	4.63	76.7	10.15	136	9.56	-42.33
1	2015-05-09 07:14	24.17	73240	4.7	76.7	10.15	136	9.52	-42.37
1	2015-05-09 07:15	24.17	74670	4.67	76.7	10.15	136	9.54	-42.32
1	2015-05-09 07:16	24.17	77440	4.61	76.7	10.15	137	9.54	-42.42
1	2015-05-09 07:17	24.16	75170	4.66	76.7	10.15	137	9.58	-42.45
1	2015-05-09 07:18	24.16	74450	4.68	76.7	10.15	137	9.56	-42.43
1	2015-05-09 07:19	24.15	74740	4.67	76.7	10.15	137	9.56	-42.43
1	2015-05-09 07:20	24.14	76090	4.64	76.7	10.15	137	9.56	-42.4
1	2015-05-09 07:21	24.13	75440	4.66	76.7	10.15	137	9.51	-42.49
1	2015-05-09 07:22	24.12	75400	4.66	76.8	10.15	137	9.56	-42.47
1	2015-05-09 07:23	24.11	77650	4.61	76.7	10.15	137	9.54	-42.44
1	2015-05-09 07:24	24.09	75160	4.67	76.8	10.15	137	9.56	-42.46
1	2015-05-09 07:25	24.09	78240	4.61	76.8	10.15	137	9.52	-42.43
1	2015-05-09 07:26	24.08	74900	4.68	76.8	10.15	137	9.56	-42.46
1	2015-05-09 07:27	24.08	74400	4.69	76.8	10.15	137	9.54	-42.42
1	2015-05-09 07:28	24.08	76100	4.66	76.8	10.15	136	9.52	-42.46
1	2015-05-09 07:29	24.08	75640	4.67	76.8	10.15	136	9.56	-42.41
1	2015-05-09 07:30	24.09	75760	4.66	76.8	10.15	136	9.52	-42.33
1	2015-05-09 07:31	24.09	76110	4.66	76.9	10.15	136	9.51	-42.42
1	2015-05-09 07:32	24.09	78230	4.61	76.8	10.15	136	9.54	-42.48
1	2015-05-09 07:33	24.09	73950	4.7	76.8	10.15	136	9.54	-42.42
1	2015-05-09 07:34	24.1	76910	4.64	76.9	10.15	136	9.59	-42.28
1	2015-05-09 07:35	24.1	75730	4.66	76.9	10.15	136	9.51	-42.3
1	2015-05-09 07:36	24.11	76010	4.66	76.8	10.15	136	9.52	-42.34
1	2015-05-09 07:37	24.11	76560	4.64	76.8	10.15	136	9.54	-42.26
1	2015-05-09 07:38	24.12	76440	4.64	76.8	10.15	136	9.56	-42.32
1	2015-05-09 07:39	24.12	77250	4.62	76.7	10.15	136	9.52	-42.29
1	2015-05-09 07:40	24.13	75230	4.67	76.8	10.15	136	9.61	-42.28
1	2015-05-09 07:41	24.13	75850	4.66	76.8	10.15	136	9.52	-42.31
1	2015-05-09 07:42	24.14	76390	4.64	76.8	10.15	136	9.52	-42.31
1	2015-05-09 07:43	24.14	76540	4.64	76.8	10.15	137	9.54	-42.18
1	2015-05-09 07:44	24.15	75450	4.66	76.8	10.15	137	9.51	-42.32
1	2015-05-09 07:45	24.15	73960	4.69	76.8	10.15	137	9.51	-42.36
1	2015-05-09 07:46	24.15	73780	4.69	76.7	10.15	137	9.56	-42.38
1	2015-05-09 07:47	24.15	75250	4.66	76.7	10.15	137	9.51	-42.31
1	2015-05-09 07:48	24.15	76210	4.64	76.6	10.15	138	9.54	-42.35
1	2015-05-09 07:49	24.14	74900	4.67	76.7	10.15	138	9.52	-42.33
1	2015-05-09 07:50	24.13	77010	4.63	76.7	10.16	138	9.52	-42.66
