SENS_ID	SDN	TC	COND	O2	O2satper	pHinsitu	ORP	Vbatt	VpH
1	5-7-15 14:57	24.641	0	0	101.952	0	0	0	0
1	5-7-15 14:58	24.641	0	0	102.047	0	0	0	0
1	5-7-15 14:59	24.641	0	0	102.047	0	0	0	0
1	5-7-15 15:00	24.641	0	0	102.237	0	0	0	0
1	5-7-15 15:01	24.641	0	0	101.952	0	0	0	0
1	5-7-15 15:02	24.641	0	0	101.668	0	0	0	0
1	5-7-15 15:03	24.641	0	0	101.857	0	0	0	0
1	5-7-15 15:04	24.641	0	0	101.668	0	0	0	0
1	5-7-15 15:05	24.641	0	0	101.573	0	0	0	0
1	5-7-15 15:06	24.641	0	0	101.479	0	0	0	0
1	5-7-15 15:07	24.641	0	0	101.479	0	0	0	0
1	5-7-15 15:08	24.641	0	0	101.668	0	0	0	0
1	5-7-15 15:09	24.641	0	0	101.479	0	0	0	0
1	5-7-15 15:10	24.641	0	0	101.479	0	0	0	0
1	5-7-15 15:11	24.641	0	0	101.479	0	0	0	0
1	5-7-15 15:12	24.641	0	0	101.479	0	0	0	0
1	5-7-15 15:13	24.641	0	0	101.573	0	0	0	0
1	5-7-15 15:14	24.641	0	0	101.479	0	0	0	0
1	5-7-15 15:15	24.641	0	0	101.385	0	0	0	0
1	5-7-15 15:16	24.641	0	0	101.479	0	0	0	0
1	5-7-15 15:17	24.545	0	0	101.479	0	0	0	0
1	5-7-15 15:18	24.545	0	0	101.385	0	0	0	0
1	5-7-15 15:19	24.545	0	0	101.29	0	0	0	0
1	5-7-15 15:20	24.545	0	0	101.29	0	0	0	0
1	5-7-15 15:21	24.545	0	0	101.196	0	0	0	0
1	5-7-15 15:22	24.545	0	0	101.102	0	0	0	0
1	5-7-15 15:23	24.545	0	0	101.102	0	0	0	0
1	5-7-15 15:24	24.545	0	0	101.008	0	0	0	0
1	5-7-15 15:25	24.545	0	0	101.102	0	0	0	0
1	5-7-15 15:26	24.545	0	0	101.102	0	0	0	0
1	5-7-15 15:27	24.545	0	0	100.727	0	0	0	0
1	5-7-15 15:28	24.545	0	0	100.727	0	0	0	0
1	5-7-15 15:29	24.545	0	0	100.541	0	0	0	0
1	5-7-15 15:30	24.545	0	0	100.634	0	0	0	0
1	5-7-15 15:31	24.545	0	0	100.541	0	0	0	0
1	5-7-15 15:32	24.545	0	0	100.634	0	0	0	0
1	5-7-15 15:33	24.545	0	0	100.168	0	0	0	0
1	5-7-15 15:34	24.545	0	0	100.354	0	0	0	0
1	5-7-15 15:35	24.545	0	0	100.354	0	0	0	0
1	5-7-15 15:36	24.545	0	0	100.261	0	0	0	0
1	5-7-15 15:37	24.545	0	0	100.168	0	0	0	0
1	5-7-15 15:38	24.545	0	0	99.983	0	0	0	0
1	5-7-15 15:39	24.545	0	0	99.89	0	0	0	0
1	5-7-15 15:40	24.545	0	0	99.705	0	0	0	0
1	5-7-15 15:41	24.545	0	0	99.705	0	0	0	0
1	5-7-15 15:42	24.545	0	0	99.521	0	0	0	0
1	5-7-15 15:43	24.545	0	0	99.429	0	0	0	0
1	5-7-15 15:44	24.545	0	0	99.245	0	0	0	0
1	5-7-15 15:45	24.545	0	0	99.245	0	0	0	0
1	5-7-15 15:46	24.545	0	0	99.062	0	0	0	0
1	5-7-15 15:47	24.448	0	0	99.153	0	0	0	0
1	5-7-15 15:48	24.448	0	0	98.879	0	0	0	0
1	5-7-15 15:49	24.448	0	0	98.97	0	0	0	0
1	5-7-15 15:50	24.545	0	0	98.696	0	0	0	0
1	5-7-15 15:51	24.545	0	0	98.696	0	0	0	0
1	5-7-15 15:52	24.448	0	0	98.787	0	0	0	0
1	5-7-15 15:53	24.545	0	0	98.696	0	0	0	0
1	5-7-15 15:54	24.448	0	0	98.514	0	0	0	0
1	5-7-15 15:55	24.545	0	0	98.879	0	0	0	0
1	5-7-15 15:56	24.545	0	0	98.787	0	0	0	0
1	5-7-15 15:57	24.448	0	0	98.879	0	0	0	0
1	5-7-15 15:58	24.545	0	0	98.787	0	0	0	0
1	5-7-15 15:59	24.448	0	0	99.062	0	0	0	0
1	5-7-15 16:00	24.545	0	0	98.97	0	0	0	0
1	5-7-15 16:01	24.448	0	0	99.153	0	0	0	0
1	5-7-15 16:02	24.448	0	0	98.97	0	0	0	0
1	5-7-15 16:03	24.448	0	0	98.97	0	0	0	0
1	5-7-15 16:04	24.448	0	0	99.153	0	0	0	0
1	5-7-15 16:05	24.545	0	0	98.696	0	0	0	0
1	5-7-15 16:06	24.448	0	0	98.879	0	0	0	0
1	5-7-15 16:07	24.448	0	0	98.97	0	0	0	0
1	5-7-15 16:08	24.448	0	0	98.97	0	0	0	0
1	5-7-15 16:09	24.448	0	0	98.879	0	0	0	0
1	5-7-15 16:10	24.448	0	0	98.787	0	0	0	0
1	5-7-15 16:11	24.448	0	0	98.879	0	0	0	0
1	5-7-15 16:12	24.448	0	0	98.696	0	0	0	0
1	5-7-15 16:13	24.448	0	0	98.879	0	0	0	0
1	5-7-15 16:14	24.448	0	0	98.787	0	0	0	0
1	5-7-15 16:15	24.448	0	0	98.787	0	0	0	0
1	5-7-15 16:16	24.448	0	0	98.787	0	0	0	0
1	5-7-15 16:17	24.448	0	0	98.879	0	0	0	0
1	5-7-15 16:18	24.448	0	0	98.787	0	0	0	0
1	5-7-15 16:19	24.448	0	0	98.787	0	0	0	0
1	5-7-15 16:20	24.448	0	0	98.787	0	0	0	0
1	5-7-15 16:21	24.448	0	0	98.787	0	0	0	0
1	5-7-15 16:22	24.448	0	0	98.696	0	0	0	0
1	5-7-15 16:23	24.448	0	0	98.879	0	0	0	0
1	5-7-15 16:24	24.448	0	0	98.423	0	0	0	0
1	5-7-15 16:25	24.448	0	0	98.514	0	0	0	0
1	5-7-15 16:26	24.448	0	0	98.332	0	0	0	0
1	5-7-15 16:27	24.448	0	0	98.241	0	0	0	0
1	5-7-15 16:28	24.448	0	0	98.151	0	0	0	0
1	5-7-15 16:29	24.351	0	0	98.06	0	0	0	0
1	5-7-15 16:30	24.351	0	0	98.06	0	0	0	0
1	5-7-15 16:31	24.351	0	0	97.699	0	0	0	0
1	5-7-15 16:32	24.351	0	0	98.06	0	0	0	0
1	5-7-15 16:33	24.351	0	0	97.609	0	0	0	0
1	5-7-15 16:34	24.351	0	0	97.88	0	0	0	0
1	5-7-15 16:35	24.351	0	0	97.97	0	0	0	0
1	5-7-15 16:36	24.351	0	0	97.97	0	0	0	0
1	5-7-15 16:37	24.351	0	0	97.88	0	0	0	0
1	5-7-15 16:38	24.351	0	0	97.699	0	0	0	0
1	5-7-15 16:39	24.351	0	0	97.789	0	0	0	0
1	5-7-15 16:40	24.351	0	0	97.789	0	0	0	0
1	5-7-15 16:41	24.351	0	0	97.789	0	0	0	0
1	5-7-15 16:42	24.351	0	0	97.699	0	0	0	0
1	5-7-15 16:43	24.351	0	0	97.699	0	0	0	0
1	5-7-15 16:44	24.351	0	0	97.609	0	0	0	0
1	5-7-15 16:45	24.351	0	0	97.34	0	0	0	0
1	5-7-15 16:46	24.351	0	0	97.161	0	0	0	0
1	5-7-15 16:47	24.351	0	0	96.893	0	0	0	0
1	5-7-15 16:48	24.351	0	0	96.982	0	0	0	0
1	5-7-15 16:49	24.351	0	0	96.893	0	0	0	0
1	5-7-15 16:50	24.448	0	0	96.893	0	0	0	0
1	5-7-15 16:51	24.448	0	0	96.715	0	0	0	0
1	5-7-15 16:52	24.448	0	0	96.537	0	0	0	0
1	5-7-15 16:53	24.448	0	0	96.448	0	0	0	0
1	5-7-15 16:54	24.448	0	0	96.448	0	0	0	0
1	5-7-15 16:55	24.448	0	0	96.537	0	0	0	0
1	5-7-15 16:56	24.448	0	0	96.537	0	0	0	0
1	5-7-15 16:57	24.448	0	0	96.626	0	0	0	0
1	5-7-15 16:58	24.448	0	0	96.626	0	0	0	0
1	5-7-15 16:59	24.448	0	0	96.626	0	0	0	0
1	5-7-15 17:00	24.448	0	0	96.537	0	0	0	0
1	5-7-15 17:01	24.448	0	0	96.804	0	0	0	0
1	5-7-15 17:02	24.448	0	0	96.893	0	0	0	0
1	5-7-15 17:03	24.448	0	0	96.804	0	0	0	0
1	5-7-15 17:04	24.448	0	0	96.626	0	0	0	0
1	5-7-15 17:05	24.448	0	0	96.537	0	0	0	0
1	5-7-15 17:06	24.448	0	0	96.893	0	0	0	0
1	5-7-15 17:07	24.448	0	0	96.804	0	0	0	0
1	5-7-15 17:08	24.448	0	0	96.893	0	0	0	0
1	5-7-15 17:09	24.448	0	0	96.804	0	0	0	0
1	5-7-15 17:10	24.448	0	0	97.071	0	0	0	0
1	5-7-15 17:11	24.448	0	0	96.982	0	0	0	0
1	5-7-15 17:12	24.448	0	0	97.161	0	0	0	0
1	5-7-15 17:13	24.351	0	0	97.071	0	0	0	0
1	5-7-15 17:14	24.351	0	0	96.982	0	0	0	0
1	5-7-15 17:15	24.351	0	0	96.804	0	0	0	0
1	5-7-15 17:16	24.351	0	0	96.804	0	0	0	0
1	5-7-15 17:17	24.351	0	0	96.982	0	0	0	0
1	5-7-15 17:18	24.351	0	0	96.715	0	0	0	0
1	5-7-15 17:19	24.351	0	0	96.804	0	0	0	0
1	5-7-15 17:20	24.351	0	0	96.626	0	0	0	0
1	5-7-15 17:21	24.351	0	0	96.626	0	0	0	0
1	5-7-15 17:22	24.351	0	0	96.537	0	0	0	0
1	5-7-15 17:23	24.351	0	0	96.537	0	0	0	0
1	5-7-15 17:24	24.351	0	0	96.448	0	0	0	0
1	5-7-15 17:25	24.351	0	0	96.36	0	0	0	0
1	5-7-15 17:26	24.351	0	0	96.094	0	0	0	0
1	5-7-15 17:27	24.351	0	0	96.006	0	0	0	0
1	5-7-15 17:28	24.351	0	0	96.094	0	0	0	0
1	5-7-15 17:29	24.351	0	0	95.83	0	0	0	0
1	5-7-15 17:30	24.351	0	0	95.742	0	0	0	0
1	5-7-15 17:31	24.351	0	0	95.654	0	0	0	0
1	5-7-15 17:32	24.351	0	0	95.654	0	0	0	0
1	5-7-15 17:33	24.351	0	0	95.742	0	0	0	0
1	5-7-15 17:34	24.351	0	0	95.391	0	0	0	0
1	5-7-15 17:35	24.351	0	0	95.479	0	0	0	0
1	5-7-15 17:36	24.351	0	0	95.13	0	0	0	0
1	5-7-15 17:37	24.351	0	0	95.042	0	0	0	0
1	5-7-15 17:38	24.351	0	0	94.608	0	0	0	0
1	5-7-15 17:39	24.351	0	0	94.955	0	0	0	0
1	5-7-15 17:40	24.351	0	0	94.608	0	0	0	0
1	5-7-15 17:41	24.351	0	0	94.522	0	0	0	0
1	5-7-15 17:42	24.351	0	0	94.435	0	0	0	0
1	5-7-15 17:43	24.351	0	0	94.349	0	0	0	0
1	5-7-15 17:44	24.351	0	0	94.522	0	0	0	0
1	5-7-15 17:45	24.351	0	0	94.263	0	0	0	0
1	5-7-15 17:46	24.351	0	0	94.349	0	0	0	0
1	5-7-15 17:47	24.351	0	0	94.004	0	0	0	0
1	5-7-15 17:48	24.351	0	0	94.09	0	0	0	0
1	5-7-15 17:49	24.351	0	0	94.09	0	0	0	0
1	5-7-15 17:50	24.351	0	0	94.263	0	0	0	0
1	5-7-15 17:51	24.351	0	0	94.176	0	0	0	0
1	5-7-15 17:52	24.351	0	0	94.263	0	0	0	0
1	5-7-15 17:53	24.351	0	0	94.263	0	0	0	0
1	5-7-15 17:54	24.351	0	0	94.435	0	0	0	0
1	5-7-15 17:55	24.351	0	0	94.522	0	0	0	0
1	5-7-15 17:56	24.351	0	0	94.695	0	0	0	0
1	5-7-15 17:57	24.351	0	0	94.868	0	0	0	0
1	5-7-15 17:58	24.351	0	0	94.695	0	0	0	0
1	5-7-15 17:59	24.351	0	0	94.955	0	0	0	0
1	5-7-15 18:00	24.351	0	0	95.042	0	0	0	0
1	5-7-15 18:01	24.351	0	0	94.955	0	0	0	0
1	5-7-15 18:02	24.351	0	0	95.13	0	0	0	0
1	5-7-15 18:03	24.351	0	0	94.955	0	0	0	0
1	5-7-15 18:04	24.351	0	0	95.13	0	0	0	0
1	5-7-15 18:05	24.351	0	0	94.955	0	0	0	0
1	5-7-15 18:06	24.351	0	0	94.955	0	0	0	0
1	5-7-15 18:07	24.351	0	0	95.217	0	0	0	0
1	5-7-15 18:08	24.351	0	0	95.042	0	0	0	0
1	5-7-15 18:09	24.351	0	0	94.868	0	0	0	0
1	5-7-15 18:10	24.351	0	0	94.782	0	0	0	0
1	5-7-15 18:11	24.351	0	0	94.695	0	0	0	0
1	5-7-15 18:12	24.351	0	0	94.695	0	0	0	0
1	5-7-15 18:13	24.351	0	0	94.868	0	0	0	0
1	5-7-15 18:14	24.351	0	0	94.522	0	0	0	0
1	5-7-15 18:15	24.351	0	0	94.435	0	0	0	0
1	5-7-15 18:16	24.351	0	0	94.435	0	0	0	0
1	5-7-15 18:17	24.351	0	0	94.522	0	0	0	0
1	5-7-15 18:18	24.351	0	0	94.263	0	0	0	0
1	5-7-15 18:19	24.351	0	0	94.349	0	0	0	0
1	5-7-15 18:20	24.351	0	0	94.176	0	0	0	0
1	5-7-15 18:21	24.351	0	0	93.833	0	0	0	0
1	5-7-15 18:22	24.351	0	0	94.09	0	0	0	0
1	5-7-15 18:23	24.351	0	0	93.833	0	0	0	0
1	5-7-15 18:24	24.351	0	0	94.09	0	0	0	0
1	5-7-15 18:25	24.351	0	0	94.004	0	0	0	0
1	5-7-15 18:26	24.351	0	0	93.918	0	0	0	0
1	5-7-15 18:27	24.351	0	0	93.918	0	0	0	0
1	5-7-15 18:28	24.351	0	0	93.747	0	0	0	0
1	5-7-15 18:29	24.351	0	0	93.747	0	0	0	0
1	5-7-15 18:30	24.351	0	0	93.747	0	0	0	0
1	5-7-15 18:31	24.351	0	0	93.661	0	0	0	0
1	5-7-15 18:32	24.351	0	0	93.661	0	0	0	0
1	5-7-15 18:33	24.351	0	0	93.833	0	0	0	0
1	5-7-15 18:34	24.351	0	0	93.747	0	0	0	0
1	5-7-15 18:35	24.351	0	0	93.576	0	0	0	0
1	5-7-15 18:36	24.351	0	0	93.661	0	0	0	0
1	5-7-15 18:37	24.351	0	0	93.661	0	0	0	0
1	5-7-15 18:38	24.351	0	0	93.833	0	0	0	0
1	5-7-15 18:39	24.351	0	0	93.661	0	0	0	0
1	5-7-15 18:40	24.351	0	0	93.833	0	0	0	0
1	5-7-15 18:41	24.351	0	0	93.833	0	0	0	0
1	5-7-15 18:42	24.351	0	0	93.833	0	0	0	0
1	5-7-15 18:43	24.351	0	0	93.918	0	0	0	0
1	5-7-15 18:44	24.351	0	0	94.09	0	0	0	0
1	5-7-15 18:45	24.351	0	0	94.176	0	0	0	0
1	5-7-15 18:46	24.351	0	0	94.176	0	0	0	0
1	5-7-15 18:47	24.351	0	0	93.918	0	0	0	0
1	5-7-15 18:48	24.351	0	0	94.176	0	0	0	0
1	5-7-15 18:49	24.351	0	0	93.918	0	0	0	0
1	5-7-15 18:50	24.351	0	0	93.747	0	0	0	0
1	5-7-15 18:51	24.351	0	0	93.661	0	0	0	0
1	5-7-15 18:52	24.351	0	0	93.833	0	0	0	0
1	5-7-15 18:53	24.351	0	0	93.833	0	0	0	0
1	5-7-15 18:54	24.351	0	0	93.661	0	0	0	0
1	5-7-15 18:55	24.351	0	0	93.49	0	0	0	0
1	5-7-15 18:56	24.351	0	0	93.32	0	0	0	0
1	5-7-15 18:57	24.351	0	0	93.405	0	0	0	0
1	5-7-15 18:58	24.351	0	0	93.15	0	0	0	0
1	5-7-15 18:59	24.351	0	0	93.235	0	0	0	0
1	5-7-15 19:00	24.351	0	0	93.065	0	0	0	0
1	5-7-15 19:01	24.351	0	0	93.065	0	0	0	0
1	5-7-15 19:02	24.351	0	0	92.895	0	0	0	0
1	5-7-15 19:03	24.351	0	0	92.98	0	0	0	0
1	5-7-15 19:04	24.351	0	0	92.98	0	0	0	0
1	5-7-15 19:05	24.351	0	0	92.98	0	0	0	0
1	5-7-15 19:06	24.351	0	0	92.98	0	0	0	0
1	5-7-15 19:07	24.351	0	0	92.98	0	0	0	0
1	5-7-15 19:08	24.351	0	0	92.895	0	0	0	0
1	5-7-15 19:09	24.351	0	0	92.98	0	0	0	0
1	5-7-15 19:10	24.351	0	0	93.065	0	0	0	0
1	5-7-15 19:11	24.351	0	0	93.15	0	0	0	0
1	5-7-15 19:12	24.448	0	0	93.15	0	0	0	0
1	5-7-15 19:13	24.448	0	0	93.405	0	0	0	0
1	5-7-15 19:14	24.448	0	0	93.405	0	0	0	0
1	5-7-15 19:15	24.448	0	0	93.405	0	0	0	0
1	5-7-15 19:16	24.448	0	0	93.49	0	0	0	0
1	5-7-15 19:17	24.448	0	0	93.235	0	0	0	0
1	5-7-15 19:18	24.448	0	0	93.49	0	0	0	0
1	5-7-15 19:19	24.448	0	0	93.32	0	0	0	0
1	5-7-15 19:20	24.448	0	0	93.576	0	0	0	0
1	5-7-15 19:21	24.448	0	0	93.405	0	0	0	0
1	5-7-15 19:22	24.448	0	0	93.576	0	0	0	0
1	5-7-15 19:23	24.448	0	0	93.49	0	0	0	0
1	5-7-15 19:24	24.448	0	0	93.576	0	0	0	0
1	5-7-15 19:25	24.448	0	0	93.747	0	0	0	0
1	5-7-15 19:26	24.448	0	0	93.747	0	0	0	0
1	5-7-15 19:27	24.448	0	0	93.661	0	0	0	0
1	5-7-15 19:28	24.448	0	0	94.004	0	0	0	0
1	5-7-15 19:29	24.448	0	0	94.09	0	0	0	0
1	5-7-15 19:30	24.448	0	0	93.661	0	0	0	0
1	5-7-15 19:31	24.448	0	0	93.747	0	0	0	0
1	5-7-15 19:32	24.448	0	0	93.49	0	0	0	0
1	5-7-15 19:33	24.448	0	0	93.405	0	0	0	0
1	5-7-15 19:34	24.448	0	0	93.235	0	0	0	0
1	5-7-15 19:35	24.448	0	0	93.065	0	0	0	0
1	5-7-15 19:36	24.448	0	0	92.98	0	0	0	0
1	5-7-15 19:37	24.448	0	0	92.895	0	0	0	0
1	5-7-15 19:38	24.448	0	0	92.895	0	0	0	0
1	5-7-15 19:39	24.448	0	0	92.895	0	0	0	0
1	5-7-15 19:40	24.448	0	0	92.642	0	0	0	0
1	5-7-15 19:41	24.448	0	0	92.557	0	0	0	0
1	5-7-15 19:42	24.448	0	0	92.726	0	0	0	0
1	5-7-15 19:43	24.448	0	0	92.473	0	0	0	0
1	5-7-15 19:44	24.448	0	0	92.389	0	0	0	0
1	5-7-15 19:45	24.448	0	0	92.473	0	0	0	0
1	5-7-15 19:46	24.448	0	0	92.305	0	0	0	0
1	5-7-15 19:47	24.448	0	0	92.473	0	0	0	0
1	5-7-15 19:48	24.448	0	0	92.137	0	0	0	0
1	5-7-15 19:49	24.448	0	0	92.389	0	0	0	0
1	5-7-15 19:50	24.448	0	0	92.557	0	0	0	0
1	5-7-15 19:51	24.448	0	0	92.473	0	0	0	0
1	5-7-15 19:52	24.448	0	0	92.473	0	0	0	0
1	5-7-15 19:53	24.448	0	0	92.305	0	0	0	0
1	5-7-15 19:54	24.448	0	0	92.473	0	0	0	0
1	5-7-15 19:55	24.448	0	0	92.221	0	0	0	0
1	5-7-15 19:56	24.448	0	0	92.137	0	0	0	0
1	5-7-15 19:57	24.448	0	0	92.053	0	0	0	0
1	5-7-15 19:58	24.448	0	0	91.969	0	0	0	0
1	5-7-15 19:59	24.545	0	0	92.221	0	0	0	0
1	5-7-15 20:00	24.545	0	0	92.137	0	0	0	0
1	5-7-15 20:01	24.545	0	0	92.389	0	0	0	0
1	5-7-15 20:02	24.545	0	0	92.221	0	0	0	0
1	5-7-15 20:03	24.448	0	0	92.305	0	0	0	0
1	5-7-15 20:04	24.448	0	0	92.473	0	0	0	0
1	5-7-15 20:05	24.545	0	0	92.305	0	0	0	0
1	5-7-15 20:06	24.545	0	0	92.473	0	0	0	0
1	5-7-15 20:07	24.448	0	0	92.305	0	0	0	0
1	5-7-15 20:08	24.448	0	0	92.137	0	0	0	0
1	5-7-15 20:09	24.448	0	0	92.053	0	0	0	0
1	5-7-15 20:10	24.448	0	0	92.053	0	0	0	0
1	5-7-15 20:11	24.448	0	0	92.053	0	0	0	0
1	5-7-15 20:12	24.448	0	0	92.053	0	0	0	0
1	5-7-15 20:13	24.448	0	0	91.969	0	0	0	0
1	5-7-15 20:14	24.448	0	0	92.053	0	0	0	0
1	5-7-15 20:15	24.448	0	0	91.969	0	0	0	0
1	5-7-15 20:16	24.448	0	0	91.886	0	0	0	0
1	5-7-15 20:17	24.448	0	0	91.802	0	0	0	0
1	5-7-15 20:18	24.448	0	0	91.719	0	0	0	0
1	5-7-15 20:19	24.448	0	0	91.719	0	0	0	0
1	5-7-15 20:20	24.448	0	0	91.635	0	0	0	0
1	5-7-15 20:21	24.448	0	0	91.552	0	0	0	0
1	5-7-15 20:22	24.448	0	0	91.469	0	0	0	0
1	5-7-15 20:23	24.448	0	0	91.469	0	0	0	0
1	5-7-15 20:24	24.448	0	0	91.386	0	0	0	0
1	5-7-15 20:25	24.448	0	0	91.386	0	0	0	0
1	5-7-15 20:26	24.448	0	0	91.22	0	0	0	0
1	5-7-15 20:27	24.448	0	0	91.137	0	0	0	0
1	5-7-15 20:28	24.448	0	0	90.972	0	0	0	0
1	5-7-15 20:29	24.448	0	0	90.972	0	0	0	0
1	5-7-15 20:30	24.448	0	0	90.807	0	0	0	0
1	5-7-15 20:31	24.448	0	0	90.724	0	0	0	0
1	5-7-15 20:32	24.448	0	0	90.724	0	0	0	0
1	5-7-15 20:33	24.448	0	0	90.478	0	0	0	0
1	5-7-15 20:34	24.448	0	0	90.642	0	0	0	0
1	5-7-15 20:35	24.448	0	0	90.642	0	0	0	0
1	5-7-15 20:36	24.448	0	0	90.478	0	0	0	0
1	5-7-15 20:37	24.448	0	0	90.56	0	0	0	0
1	5-7-15 20:38	24.448	0	0	90.56	0	0	0	0
1	5-7-15 20:39	24.448	0	0	90.478	0	0	0	0
1	5-7-15 20:40	24.448	0	0	90.396	0	0	0	0
1	5-7-15 20:41	24.448	0	0	90.396	0	0	0	0
1	5-7-15 20:42	24.448	0	0	90.232	0	0	0	0
1	5-7-15 20:43	24.448	0	0	90.642	0	0	0	0
1	5-7-15 20:44	24.448	0	0	90.642	0	0	0	0
1	5-7-15 20:45	24.448	0	0	90.807	0	0	0	0
1	5-7-15 20:46	24.448	0	0	90.889	0	0	0	0
1	5-7-15 20:47	24.448	0	0	90.889	0	0	0	0
1	5-7-15 20:48	24.448	0	0	91.054	0	0	0	0
1	5-7-15 20:49	24.448	0	0	91.22	0	0	0	0
1	5-7-15 20:50	24.448	0	0	91.22	0	0	0	0
1	5-7-15 20:51	24.448	0	0	91.137	0	0	0	0
1	5-7-15 20:52	24.448	0	0	91.054	0	0	0	0
1	5-7-15 20:53	24.448	0	0	91.137	0	0	0	0
1	5-7-15 20:54	24.448	0	0	91.137	0	0	0	0
1	5-7-15 20:55	24.448	0	0	91.22	0	0	0	0
1	5-7-15 20:56	24.448	0	0	91.137	0	0	0	0
1	5-7-15 20:57	24.448	0	0	91.137	0	0	0	0
1	5-7-15 20:58	24.448	0	0	91.22	0	0	0	0
1	5-7-15 20:59	24.448	0	0	91.22	0	0	0	0
1	5-7-15 21:00	24.448	0	0	90.972	0	0	0	0
1	5-7-15 21:01	24.351	0	0	91.303	0	0	0	0
1	5-7-15 21:02	24.448	0	0	91.054	0	0	0	0
1	5-7-15 21:03	24.448	0	0	91.054	0	0	0	0
1	5-7-15 21:04	24.351	0	0	91.22	0	0	0	0
1	5-7-15 21:05	24.351	0	0	91.22	0	0	0	0
1	5-7-15 21:06	24.351	0	0	91.137	0	0	0	0
1	5-7-15 21:07	24.351	0	0	91.22	0	0	0	0
1	5-7-15 21:08	24.351	0	0	91.054	0	0	0	0
1	5-7-15 21:09	24.351	0	0	91.137	0	0	0	0
1	5-7-15 21:10	24.351	0	0	90.972	0	0	0	0
1	5-7-15 21:11	24.351	0	0	90.889	0	0	0	0
1	5-7-15 21:12	24.351	0	0	90.889	0	0	0	0
1	5-7-15 21:13	24.351	0	0	90.807	0	0	0	0
1	5-7-15 21:14	24.351	0	0	90.889	0	0	0	0
1	5-7-15 21:15	24.351	0	0	90.889	0	0	0	0
1	5-7-15 21:16	24.351	0	0	90.56	0	0	0	0
1	5-7-15 21:17	24.351	0	0	90.642	0	0	0	0
1	5-7-15 21:18	24.351	0	0	90.724	0	0	0	0
1	5-7-15 21:19	24.351	0	0	90.56	0	0	0	0
1	5-7-15 21:20	24.351	0	0	90.478	0	0	0	0
1	5-7-15 21:21	24.351	0	0	90.478	0	0	0	0
1	5-7-15 21:22	24.351	0	0	90.478	0	0	0	0
1	5-7-15 21:23	24.351	0	0	90.314	0	0	0	0
1	5-7-15 21:24	24.351	0	0	90.069	0	0	0	0
1	5-7-15 21:25	24.351	0	0	90.232	0	0	0	0
1	5-7-15 21:26	24.351	0	0	89.987	0	0	0	0
1	5-7-15 21:27	24.351	0	0	89.987	0	0	0	0
1	5-7-15 21:28	24.351	0	0	89.987	0	0	0	0
1	5-7-15 21:29	24.351	0	0	89.906	0	0	0	0
1	5-7-15 21:30	24.351	0	0	89.824	0	0	0	0
1	5-7-15 21:31	24.351	0	0	89.906	0	0	0	0
1	5-7-15 21:32	24.351	0	0	89.824	0	0	0	0
1	5-7-15 21:33	24.255	0	0	89.824	0	0	0	0
1	5-7-15 21:34	24.351	0	0	89.824	0	0	0	0
1	5-7-15 21:35	24.351	0	0	89.662	0	0	0	0
1	5-7-15 21:36	24.351	0	0	89.662	0	0	0	0
1	5-7-15 21:37	24.351	0	0	89.662	0	0	0	0
1	5-7-15 21:38	24.351	0	0	89.5	0	0	0	0
1	5-7-15 21:39	24.351	0	0	89.662	0	0	0	0
1	5-7-15 21:40	24.351	0	0	89.419	0	0	0	0
1	5-7-15 21:41	24.351	0	0	89.016	0	0	0	0
1	5-7-15 21:42	24.351	0	0	88.935	0	0	0	0
1	5-7-15 21:43	24.351	0	0	88.775	0	0	0	0
1	5-7-15 21:44	24.351	0	0	88.855	0	0	0	0
1	5-7-15 21:45	24.351	0	0	88.855	0	0	0	0
1	5-7-15 21:46	24.351	0	0	88.935	0	0	0	0
1	5-7-15 21:47	24.351	0	0	88.935	0	0	0	0
1	5-7-15 21:48	24.351	0	0	89.177	0	0	0	0
1	5-7-15 21:49	24.351	0	0	89.016	0	0	0	0
1	5-7-15 21:50	24.351	0	0	89.338	0	0	0	0
1	5-7-15 21:51	24.351	0	0	89.257	0	0	0	0
1	5-7-15 21:52	24.351	0	0	89.5	0	0	0	0
1	5-7-15 21:53	24.351	0	0	89.581	0	0	0	0
1	5-7-15 21:54	24.351	0	0	89.743	0	0	0	0
1	5-7-15 21:55	24.448	0	0	89.824	0	0	0	0
1	5-7-15 21:56	24.448	0	0	90.069	0	0	0	0
1	5-7-15 21:57	24.448	0	0	90.069	0	0	0	0
1	5-7-15 21:58	24.448	0	0	90.15	0	0	0	0
1	5-7-15 21:59	24.448	0	0	90.232	0	0	0	0
1	5-7-15 22:00	24.448	0	0	90.15	0	0	0	0
1	5-7-15 22:01	24.448	0	0	90.232	0	0	0	0
1	5-7-15 22:02	24.448	0	0	90.314	0	0	0	0
1	5-7-15 22:03	24.448	0	0	90.15	0	0	0	0
1	5-7-15 22:04	24.448	0	0	90.15	0	0	0	0
1	5-7-15 22:05	24.448	0	0	90.069	0	0	0	0
1	5-7-15 22:06	24.448	0	0	89.906	0	0	0	0
1	5-7-15 22:07	24.448	0	0	89.824	0	0	0	0
1	5-7-15 22:08	24.448	0	0	89.662	0	0	0	0
1	5-7-15 22:09	24.448	0	0	89.662	0	0	0	0
1	5-7-15 22:10	24.448	0	0	89.419	0	0	0	0
1	5-7-15 22:11	24.448	0	0	89.581	0	0	0	0
1	5-7-15 22:12	24.448	0	0	89.419	0	0	0	0
1	5-7-15 22:13	24.448	0	0	89.257	0	0	0	0
1	5-7-15 22:14	24.448	0	0	89.338	0	0	0	0
1	5-7-15 22:15	24.448	0	0	89.338	0	0	0	0
1	5-7-15 22:16	24.448	0	0	89.177	0	0	0	0
1	5-7-15 22:17	24.448	0	0	89.338	0	0	0	0
1	5-7-15 22:18	24.448	0	0	89.5	0	0	0	0
1	5-7-15 22:19	24.448	0	0	89.581	0	0	0	0
1	5-7-15 22:20	24.448	0	0	89.338	0	0	0	0
1	5-7-15 22:21	24.448	0	0	89.5	0	0	0	0
1	5-7-15 22:22	24.448	0	0	89.743	0	0	0	0
1	5-7-15 22:23	24.448	0	0	89.581	0	0	0	0
1	5-7-15 22:24	24.448	0	0	89.824	0	0	0	0
1	5-7-15 22:25	24.448	0	0	89.743	0	0	0	0
1	5-7-15 22:26	24.448	0	0	89.824	0	0	0	0
1	5-7-15 22:27	24.448	0	0	89.906	0	0	0	0
1	5-7-15 22:28	24.448	0	0	89.824	0	0	0	0
1	5-7-15 22:29	24.448	0	0	89.987	0	0	0	0
1	5-7-15 22:30	24.545	0	0	89.906	0	0	0	0
1	5-7-15 22:31	24.545	0	0	90.069	0	0	0	0
1	5-7-15 22:32	24.545	0	0	89.987	0	0	0	0
1	5-7-15 22:33	24.545	0	0	90.069	0	0	0	0
1	5-7-15 22:34	24.545	0	0	90.069	0	0	0	0
1	5-7-15 22:35	24.545	0	0	90.232	0	0	0	0
1	5-7-15 22:36	24.545	0	0	90.396	0	0	0	0
1	5-7-15 22:37	24.545	0	0	90.478	0	0	0	0
1	5-7-15 22:38	24.545	0	0	90.396	0	0	0	0
1	5-7-15 22:39	24.545	0	0	90.396	0	0	0	0
1	5-7-15 22:40	24.545	0	0	90.232	0	0	0	0
1	5-7-15 22:41	24.545	0	0	90.314	0	0	0	0
1	5-7-15 22:42	24.545	0	0	90.232	0	0	0	0
1	5-7-15 22:43	24.545	0	0	90.15	0	0	0	0
1	5-7-15 22:44	24.545	0	0	90.069	0	0	0	0
1	5-7-15 22:45	24.545	0	0	90.069	0	0	0	0
1	5-7-15 22:46	24.545	0	0	89.581	0	0	0	0
1	5-7-15 22:47	24.545	0	0	89.662	0	0	0	0
1	5-7-15 22:48	24.545	0	0	89.338	0	0	0	0
1	5-7-15 22:49	24.545	0	0	89.257	0	0	0	0
1	5-7-15 22:50	24.545	0	0	89.338	0	0	0	0
1	5-7-15 22:51	24.545	0	0	89.257	0	0	0	0
1	5-7-15 22:52	24.545	0	0	89.257	0	0	0	0
1	5-7-15 22:53	24.545	0	0	89.016	0	0	0	0
1	5-7-15 22:54	24.545	0	0	89.096	0	0	0	0
1	5-7-15 22:55	24.545	0	0	89.257	0	0	0	0
1	5-7-15 22:56	24.545	0	0	89.016	0	0	0	0
1	5-7-15 22:57	24.545	0	0	89.257	0	0	0	0
1	5-7-15 22:58	24.545	0	0	89.257	0	0	0	0
1	5-7-15 22:59	24.545	0	0	89.177	0	0	0	0
1	5-7-15 23:00	24.545	0	0	89.257	0	0	0	0
1	5-7-15 23:01	24.545	0	0	89.338	0	0	0	0
1	5-7-15 23:02	24.545	0	0	89.419	0	0	0	0
1	5-7-15 23:03	24.545	0	0	89.5	0	0	0	0
1	5-7-15 23:04	24.545	0	0	89.419	0	0	0	0
1	5-7-15 23:05	24.545	0	0	89.5	0	0	0	0
1	5-7-15 23:06	24.545	0	0	89.581	0	0	0	0
1	5-7-15 23:07	24.545	0	0	89.581	0	0	0	0
1	5-7-15 23:08	24.641	0	0	89.662	0	0	0	0
1	5-7-15 23:09	24.641	0	0	89.662	0	0	0	0
1	5-7-15 23:10	24.641	0	0	89.824	0	0	0	0
1	5-7-15 23:11	24.641	0	0	89.581	0	0	0	0
1	5-7-15 23:12	24.641	0	0	89.743	0	0	0	0
1	5-7-15 23:13	24.545	0	0	89.581	0	0	0	0
1	5-7-15 23:14	24.545	0	0	89.581	0	0	0	0
1	5-7-15 23:15	24.545	0	0	89.5	0	0	0	0
1	5-7-15 23:16	24.545	0	0	89.5	0	0	0	0
1	5-7-15 23:17	24.545	0	0	89.257	0	0	0	0
1	5-7-15 23:18	24.545	0	0	89.177	0	0	0	0
1	5-7-15 23:19	24.545	0	0	89.257	0	0	0	0
1	5-7-15 23:20	24.545	0	0	89.177	0	0	0	0
1	5-7-15 23:21	24.545	0	0	89.177	0	0	0	0
1	5-7-15 23:22	24.545	0	0	89.096	0	0	0	0
1	5-7-15 23:23	24.545	0	0	89.016	0	0	0	0
1	5-7-15 23:24	24.545	0	0	88.775	0	0	0	0
1	5-7-15 23:25	24.545	0	0	88.775	0	0	0	0
1	5-7-15 23:26	24.545	0	0	88.534	0	0	0	0
1	5-7-15 23:27	24.545	0	0	88.694	0	0	0	0
1	5-7-15 23:28	24.545	0	0	88.534	0	0	0	0
1	5-7-15 23:29	24.545	0	0	88.534	0	0	0	0
1	5-7-15 23:30	24.545	0	0	88.534	0	0	0	0
1	5-7-15 23:31	24.545	0	0	88.455	0	0	0	0
1	5-7-15 23:32	24.545	0	0	88.375	0	0	0	0
1	5-7-15 23:33	24.545	0	0	88.455	0	0	0	0
1	5-7-15 23:34	24.545	0	0	88.215	0	0	0	0
1	5-7-15 23:35	24.545	0	0	88.375	0	0	0	0
1	5-7-15 23:36	24.545	0	0	88.215	0	0	0	0
1	5-7-15 23:37	24.545	0	0	88.136	0	0	0	0
1	5-7-15 23:38	24.545	0	0	87.977	0	0	0	0
1	5-7-15 23:39	24.545	0	0	88.056	0	0	0	0
1	5-7-15 23:40	24.545	0	0	88.056	0	0	0	0
1	5-7-15 23:41	24.545	0	0	87.977	0	0	0	0
1	5-7-15 23:42	24.545	0	0	87.977	0	0	0	0
1	5-7-15 23:43	24.545	0	0	87.977	0	0	0	0
1	5-7-15 23:44	24.545	0	0	87.898	0	0	0	0
1	5-7-15 23:45	24.545	0	0	87.898	0	0	0	0
1	5-7-15 23:46	24.545	0	0	87.977	0	0	0	0
1	5-7-15 23:47	24.545	0	0	87.977	0	0	0	0
1	5-7-15 23:48	24.545	0	0	87.977	0	0	0	0
1	5-7-15 23:49	24.641	0	0	88.136	0	0	0	0
1	5-7-15 23:50	24.641	0	0	88.136	0	0	0	0
1	5-7-15 23:51	24.641	0	0	88.295	0	0	0	0
1	5-7-15 23:52	24.641	0	0	88.375	0	0	0	0
1	5-7-15 23:53	24.641	0	0	88.295	0	0	0	0
1	5-7-15 23:54	24.641	0	0	88.534	0	0	0	0
1	5-7-15 23:55	24.641	0	0	88.534	0	0	0	0
1	5-7-15 23:56	24.545	0	0	88.855	0	0	0	0
1	5-7-15 23:57	24.641	0	0	88.614	0	0	0	0
1	5-7-15 23:58	24.641	0	0	88.775	0	0	0	0
1	5-7-15 23:59	24.641	0	0	88.775	0	0	0	0
1	5-8-15 0:00	24.641	0	0	88.694	0	0	0	0
1	5-8-15 0:01	24.641	0	0	88.534	0	0	0	0
1	5-8-15 0:02	24.641	0	0	88.614	0	0	0	0
1	5-8-15 0:03	24.545	0	0	88.534	0	0	0	0
1	5-8-15 0:04	24.545	0	0	88.534	0	0	0	0
1	5-8-15 0:05	24.545	0	0	88.375	0	0	0	0
1	5-8-15 0:06	24.545	0	0	88.295	0	0	0	0
1	5-8-15 0:07	24.545	0	0	88.215	0	0	0	0
1	5-8-15 0:08	24.545	0	0	88.056	0	0	0	0
1	5-8-15 0:09	24.545	0	0	87.898	0	0	0	0
1	5-8-15 0:10	24.545	0	0	87.819	0	0	0	0
1	5-8-15 0:11	24.545	0	0	87.74	0	0	0	0
1	5-8-15 0:12	24.545	0	0	87.74	0	0	0	0
1	5-8-15 0:13	24.545	0	0	87.819	0	0	0	0
1	5-8-15 0:14	24.545	0	0	87.582	0	0	0	0
1	5-8-15 0:15	24.545	0	0	87.661	0	0	0	0
1	5-8-15 0:16	24.545	0	0	87.582	0	0	0	0
1	5-8-15 0:17	24.545	0	0	87.424	0	0	0	0
1	5-8-15 0:18	24.545	0	0	87.345	0	0	0	0
1	5-8-15 0:19	24.545	0	0	87.188	0	0	0	0
1	5-8-15 0:20	24.545	0	0	86.953	0	0	0	0
1	5-8-15 0:21	24.545	0	0	86.797	0	0	0	0
1	5-8-15 0:22	24.545	0	0	86.875	0	0	0	0
1	5-8-15 0:23	24.545	0	0	86.719	0	0	0	0
1	5-8-15 0:24	24.545	0	0	86.641	0	0	0	0
1	5-8-15 0:25	24.545	0	0	86.486	0	0	0	0
1	5-8-15 0:26	24.545	0	0	86.486	0	0	0	0
1	5-8-15 0:27	24.545	0	0	86.563	0	0	0	0
1	5-8-15 0:28	24.545	0	0	86.486	0	0	0	0
1	5-8-15 0:29	24.545	0	0	86.408	0	0	0	0
1	5-8-15 0:30	24.545	0	0	86.486	0	0	0	0
1	5-8-15 0:31	24.545	0	0	86.408	0	0	0	0
1	5-8-15 0:32	24.545	0	0	86.253	0	0	0	0
1	5-8-15 0:33	24.545	0	0	86.33	0	0	0	0
1	5-8-15 0:34	24.545	0	0	86.33	0	0	0	0
1	5-8-15 0:35	24.545	0	0	86.408	0	0	0	0
1	5-8-15 0:36	24.545	0	0	86.33	0	0	0	0
1	5-8-15 0:37	24.545	0	0	86.563	0	0	0	0
1	5-8-15 0:38	24.545	0	0	86.563	0	0	0	0
1	5-8-15 0:39	24.545	0	0	86.797	0	0	0	0
1	5-8-15 0:40	24.545	0	0	86.797	0	0	0	0
1	5-8-15 0:41	24.545	0	0	87.031	0	0	0	0
1	5-8-15 0:42	24.545	0	0	86.953	0	0	0	0
1	5-8-15 0:43	24.545	0	0	86.797	0	0	0	0
1	5-8-15 0:44	24.545	0	0	86.797	0	0	0	0
1	5-8-15 0:45	24.545	0	0	86.875	0	0	0	0
1	5-8-15 0:46	24.545	0	0	86.641	0	0	0	0
1	5-8-15 0:47	24.545	0	0	86.563	0	0	0	0
1	5-8-15 0:48	24.545	0	0	86.408	0	0	0	0
1	5-8-15 0:49	24.545	0	0	86.33	0	0	0	0
1	5-8-15 0:50	24.545	0	0	86.408	0	0	0	0
1	5-8-15 0:51	24.545	0	0	86.098	0	0	0	0
1	5-8-15 0:52	24.545	0	0	86.33	0	0	0	0
1	5-8-15 0:53	24.545	0	0	86.098	0	0	0	0
1	5-8-15 0:54	24.545	0	0	86.098	0	0	0	0
1	5-8-15 0:55	24.545	0	0	86.098	0	0	0	0
1	5-8-15 0:56	24.545	0	0	86.021	0	0	0	0
1	5-8-15 0:57	24.545	0	0	86.021	0	0	0	0
1	5-8-15 0:58	24.545	0	0	86.098	0	0	0	0
1	5-8-15 0:59	24.545	0	0	86.021	0	0	0	0
1	5-8-15 1:00	24.545	0	0	85.944	0	0	0	0
1	5-8-15 1:01	24.545	0	0	85.867	0	0	0	0
1	5-8-15 1:02	24.545	0	0	85.79	0	0	0	0
1	5-8-15 1:03	24.545	0	0	85.867	0	0	0	0
1	5-8-15 1:04	24.545	0	0	85.944	0	0	0	0
1	5-8-15 1:05	24.545	0	0	85.944	0	0	0	0
1	5-8-15 1:06	24.545	0	0	86.175	0	0	0	0
1	5-8-15 1:07	24.545	0	0	86.253	0	0	0	0
1	5-8-15 1:08	24.545	0	0	86.253	0	0	0	0
1	5-8-15 1:09	24.545	0	0	86.486	0	0	0	0
1	5-8-15 1:10	24.545	0	0	86.563	0	0	0	0
1	5-8-15 1:11	24.545	0	0	86.719	0	0	0	0
1	5-8-15 1:12	24.545	0	0	86.641	0	0	0	0
1	5-8-15 1:13	24.545	0	0	86.719	0	0	0	0
1	5-8-15 1:14	24.545	0	0	86.875	0	0	0	0
1	5-8-15 1:15	24.641	0	0	86.719	0	0	0	0
1	5-8-15 1:16	24.641	0	0	86.719	0	0	0	0
1	5-8-15 1:17	24.641	0	0	86.719	0	0	0	0
1	5-8-15 1:18	24.641	0	0	86.719	0	0	0	0
