SENS_ID	SDN	TC	COND	O2	O2satper	pHinsitu	ORP	Vbatt	VpH
3	2015-11-07 15:48	25.58	33.6	8.64	105.9	7.42	152	12.24	-21.48
3	2015-11-07 15:50	26.35	27.5	8.37	104	7.35	156	12.26	-17.16
3	2015-11-07 15:52	26.79	53880	5.63	86.1	8.46	153	12.28	-82.46
3	2015-11-07 15:54	26.81	54270	5.37	82.2	8.42	123	12.28	-79.79
3	2015-11-07 15:56	26.79	54030	5.36	82.1	8.36	101	12.26	-76.68
3	2015-11-07 15:58	26.76	54030	5.28	80.8	8.36	92	12.28	-76.64
3	2015-11-07 16:00	26.79	54140	5.22	79.9	8.37	89	12.28	-77.12
3	2015-11-07 16:02	26.81	54200	5.18	79.3	8.37	87	12.26	-76.92
3	2015-11-07 16:04	26.84	54220	5.15	78.9	8.36	86	12.29	-76.42
3	2015-11-07 16:06	26.79	54220	5.13	78.5	8.35	85	12.29	-76.18
3	2015-11-07 16:08	26.83	54310	5.1	78.2	8.35	85	12.28	-76.17
3	2015-11-07 16:10	26.84	54230	5.09	78	8.35	84	12.28	-76.17
3	2015-11-07 16:12	26.84	54240	5.09	78	8.35	84	12.28	-76.09
3	2015-11-07 16:14	26.85	54140	5.1	78.1	8.35	83	12.28	-75.87
3	2015-11-07 16:16	26.84	54150	5.1	78.1	8.35	83	12.24	-75.83
3	2015-11-07 16:18	26.86	54140	5.1	78.2	8.35	83	12.26	-76.01
3	2015-11-07 16:20	26.87	54360	5.11	78.3	8.35	83	12.28	-76.05
3	2015-11-07 16:22	26.85	54310	5.11	78.4	8.36	83	12.26	-76.35
3	2015-11-07 16:24	26.86	54210	5.12	78.4	8.35	83	12.24	-76.28
3	2015-11-07 16:26	26.88	54220	5.12	78.5	8.35	83	12.24	-76.15
3	2015-11-07 16:28	26.89	54290	5.12	78.5	8.35	83	12.23	-75.86
3	2015-11-07 16:30	26.98	54160	5.13	78.7	8.35	82	12.23	-76
3	2015-11-07 16:32	26.97	54250	5.16	79.2	8.35	83	12.24	-75.73
3	2015-11-07 16:34	26.91	54250	5.17	79.3	8.34	83	12.24	-75.68
3	2015-11-07 16:36	26.91	54290	5.17	79.4	8.35	83	12.21	-76.14
3	2015-11-07 16:38	26.94	54180	5.26	80.7	8.36	83	12.23	-76.19
3	2015-11-07 16:40	26.96	54270	5.27	81	8.35	82	12.23	-75.84
3	2015-11-07 16:42	26.91	54250	5.28	81.1	8.35	82	12.23	-76.16
3	2015-11-07 16:44	26.94	54380	5.24	80.5	8.36	81	12.21	-76.33
3	2015-11-07 16:46	26.94	54210	5.26	80.7	8.35	82	12.21	-76.23
3	2015-11-07 16:48	26.94	54220	5.29	81.1	8.35	82	12.21	-76.16
3	2015-11-07 16:50	26.96	54350	5.28	81.1	8.35	82	12.21	-75.93
3	2015-11-07 16:52	26.97	54150	5.29	81.2	8.35	82	12.17	-75.85
3	2015-11-07 16:54	26.96	54160	5.29	81.3	8.35	83	12.21	-75.79
3	2015-11-07 16:56	27	54250	5.28	81.1	8.35	82	12.19	-75.79
3	2015-11-07 16:58	26.99	54260	5.28	81.1	8.34	82	12.16	-75.6
3	2015-11-07 17:00	26.95	54280	5.26	80.8	8.34	83	12.16	-75.42
3	2015-11-07 17:02	26.95	54380	5.27	80.9	8.34	82	12.17	-75.53
3	2015-11-07 17:04	26.98	54370	5.28	81.1	8.34	83	12.19	-75.57
3	2015-11-07 17:06	26.98	54260	5.29	81.2	8.34	82	12.16	-75.42
3	2015-11-07 17:08	27	54260	5.29	81.4	8.34	82	12.16	-75.46
3	2015-11-07 17:10	26.98	54330	5.3	81.4	8.34	83	12.16	-75.37
3	2015-11-07 17:12	27	54240	5.29	81.3	8.34	82	12.16	-75.37
3	2015-11-07 17:14	26.99	54290	5.29	81.4	8.34	83	12.14	-75.38
3	2015-11-07 17:16	26.99	54250	5.31	81.6	8.34	83	12.14	-75.31
3	2015-11-07 17:18	26.99	54310	5.32	81.8	8.34	82	12.12	-75.35
3	2015-11-07 17:20	26.99	54290	5.34	82	8.34	82	12.14	-75.18
3	2015-11-07 17:22	26.97	54180	5.37	82.5	8.34	82	12.14	-75.17
3	2015-11-07 17:24	26.98	54170	5.38	82.7	8.34	83	12.11	-75.19
3	2015-11-07 17:26	26.99	54250	5.41	83.2	8.34	83	12.12	-75.12
3	2015-11-07 17:28	27	54430	5.44	83.6	8.34	82	12.12	-75.29
3	2015-11-07 17:30	27.02	54210	5.43	83.5	8.34	82	12.12	-75.12
3	2015-11-07 17:32	27.02	54230	5.43	83.5	8.34	83	12.11	-75.06
3	2015-11-07 17:34	27.02	54170	5.44	83.5	8.33	83	12.11	-74.85
3	2015-11-07 17:36	27.01	54450	5.45	83.9	8.33	83	12.09	-74.98
3	2015-11-07 17:38	27.01	54280	5.45	83.9	8.34	83	12.11	-75.05
3	2015-11-07 17:40	27.02	54210	5.45	83.8	8.34	83	12.07	-75.07
3	2015-11-07 17:42	27.01	54300	5.42	83.3	8.33	83	12.09	-74.87
3	2015-11-07 17:44	27.02	54240	5.4	83	8.33	83	11.97	-74.97
3	2015-11-07 17:46	27.01	54290	5.38	82.7	8.33	83	12.09	-74.9
3	2015-11-07 17:48	27.03	54270	5.36	82.4	8.33	82	12.09	-74.85
3	2015-11-07 17:50	27.02	54340	5.33	82	8.33	83	12.07	-74.57
3	2015-11-07 17:52	27.02	54320	5.33	82	8.32	83	12.07	-74.45
3	2015-11-07 17:54	27.02	54290	5.32	81.8	8.33	83	12.07	-74.51
3	2015-11-07 17:56	27.02	54290	5.32	81.8	8.33	83	12.07	-74.5
3	2015-11-07 17:58	27	54290	5.29	81.4	8.33	82	12.06	-75.02
3	2015-11-07 18:00	27	54340	5.29	81.3	8.33	82	12.06	-74.88
3	2015-11-07 18:02	27.01	54360	5.29	81.3	8.33	83	12.04	-74.77
3	2015-11-07 18:04	27.04	54300	5.28	81.3	8.33	83	12.04	-74.67
3	2015-11-07 18:06	27.04	54290	5.29	81.4	8.33	82	12.02	-74.8
3	2015-11-07 18:08	27.08	54260	5.31	81.7	8.34	82	12.04	-75.12
3	2015-11-07 18:10	27.12	54180	5.34	82.2	8.34	83	12.04	-75.12
3	2015-11-07 18:12	27.04	54390	5.36	82.5	8.33	83	12.04	-74.98
3	2015-11-07 18:14	27.14	54280	5.38	82.8	8.33	83	11.94	-74.95
3	2015-11-07 18:16	27.12	54300	5.41	83.3	8.34	83	12.02	-75.17
3	2015-11-07 18:18	27.15	54300	5.43	83.7	8.34	82	12	-75.17
3	2015-11-07 18:20	27.15	54240	5.45	84	8.33	83	12.06	-75.11
3	2015-11-07 18:22	27.17	54230	5.48	84.4	8.33	83	12	-74.99
3	2015-11-07 18:24	27.17	54190	5.48	84.4	8.33	83	12.02	-74.84
3	2015-11-07 18:26	27.15	54250	5.51	84.9	8.33	83	12.02	-74.88
3	2015-11-07 18:28	27.17	54130	5.53	85.1	8.33	83	12	-74.97
3	2015-11-07 18:30	27.13	54300	5.54	85.4	8.34	83	11.99	-74.79
3	2015-11-07 18:32	27.18	54250	5.56	85.7	8.33	83	12	-74.92
3	2015-11-07 18:34	27.2	54090	5.58	86	8.33	83	11.99	-74.92
3	2015-11-07 18:36	27.18	54230	5.6	86.3	8.33	83	11.97	-74.95
3	2015-11-07 18:38	27.17	54270	5.61	86.4	8.33	83	11.97	-74.91
3	2015-11-07 18:40	27.17	54240	5.64	86.8	8.33	83	11.99	-74.97
3	2015-11-07 18:42	27.17	54270	5.65	87.1	8.33	83	11.97	-74.88
3	2015-11-07 18:44	27.13	54150	5.65	86.9	8.33	83	11.99	-74.9
3	2015-11-07 18:46	27.17	54280	5.64	87	8.33	83	11.97	-74.98
3	2015-11-07 18:48	27.18	54300	5.64	87	8.33	83	11.97	-74.8
3	2015-11-07 18:50	27.15	54110	5.64	86.9	8.33	83	11.97	-74.72
3	2015-11-07 18:52	27.18	54180	5.62	86.6	8.33	83	11.95	-74.57
3	2015-11-07 18:54	27.17	54170	5.61	86.4	8.32	83	11.95	-74.45
3	2015-11-07 18:56	27.18	54190	5.6	86.2	8.32	83	11.95	-74.36
3	2015-11-07 18:58	27.16	54310	5.57	85.9	8.32	84	11.95	-74.28
3	2015-11-07 19:00	27.16	54350	5.54	85.3	8.32	83	11.97	-74.28
3	2015-11-07 19:02	27.18	54200	5.51	84.9	8.32	83	11.94	-74.16
3	2015-11-07 19:04	27.21	54340	5.5	84.9	8.32	83	11.94	-74
3	2015-11-07 19:06	27.19	54430	5.49	84.7	8.32	84	11.94	-74.02
3	2015-11-07 19:08	27.17	54320	5.51	84.9	8.32	83	11.94	-74.11
3	2015-11-07 19:10	27.19	54300	5.52	85.1	8.32	83	11.94	-74.09
3	2015-11-07 19:12	27.29	54230	5.53	85.4	8.32	83	11.92	-74.21
3	2015-11-07 19:14	27.24	54280	5.56	85.7	8.32	83	11.9	-74.18
3	2015-11-07 19:16	27.26	54290	5.58	86	8.32	83	11.92	-74.14
3	2015-11-07 19:18	27.22	54310	5.61	86.5	8.32	83	11.92	-73.93
3	2015-11-07 19:20	27.19	54270	5.62	86.6	8.32	83	11.9	-73.96
3	2015-11-07 19:22	27.18	54160	5.6	86.2	8.32	84	11.9	-74.13
3	2015-11-07 19:24	27.2	54230	5.59	86.2	8.32	84	11.9	-74.29
3	2015-11-07 19:26	27.16	54280	5.56	85.7	8.32	83	11.9	-74.27
3	2015-11-07 19:28	27.14	54240	5.54	85.4	8.32	83	11.89	-74.2
3	2015-11-07 19:30	27.15	54280	5.49	84.5	8.32	83	11.9	-74.05
3	2015-11-07 19:32	27.15	54300	5.46	84.1	8.32	83	11.89	-73.91
3	2015-11-07 19:34	27.16	54320	5.41	83.4	8.31	83	11.89	-73.74
3	2015-11-07 19:36	27.16	54340	5.37	82.8	8.31	83	11.9	-73.66
3	2015-11-07 19:38	27.17	54300	5.34	82.3	8.31	83	11.89	-73.54
3	2015-11-07 19:40	27.15	54280	5.3	81.7	8.31	83	11.87	-73.56
3	2015-11-07 19:42	27.12	54290	5.29	81.5	8.31	84	11.87	-73.5
3	2015-11-07 19:44	27.11	54240	5.26	81	8.31	83	11.9	-73.67
3	2015-11-07 19:46	27.1	54340	5.24	80.6	8.31	83	11.89	-73.67
3	2015-11-07 19:48	27.09	54320	5.21	80.2	8.31	84	11.89	-73.58
3	2015-11-07 19:50	27.11	54360	5.19	79.9	8.31	83	11.87	-73.47
3	2015-11-07 19:52	27.12	54330	5.17	79.7	8.31	83	11.85	-73.44
3	2015-11-07 19:54	27.12	54310	5.17	79.6	8.31	83	11.87	-73.35
3	2015-11-07 19:56	27.12	54290	5.16	79.4	8.31	83	11.87	-73.42
3	2015-11-07 19:58	27.12	54350	5.15	79.3	8.31	83	11.85	-73.37
3	2015-11-07 20:00	27.12	54370	5.12	78.9	8.3	83	11.85	-73.24
3	2015-11-07 20:02	27.13	54280	5.09	78.4	8.3	84	11.82	-73.13
3	2015-11-07 20:04	27.13	54340	5.1	78.5	8.3	83	11.83	-73.13
3	2015-11-07 20:06	27.13	54440	5.08	78.4	8.3	84	11.83	-73.06
3	2015-11-07 20:08	27.14	54350	5.06	78	8.3	84	11.83	-72.78
3	2015-11-07 20:10	27.13	54380	5.06	78	8.3	84	11.82	-72.79
3	2015-11-07 20:12	27.13	54400	5.05	77.8	8.3	83	11.85	-72.85
3	2015-11-07 20:14	27.14	54250	5.03	77.5	8.3	83	11.82	-72.84
3	2015-11-07 20:16	27.13	54300	5.03	77.5	8.3	83	11.83	-72.93
3	2015-11-07 20:18	27.13	54410	5.02	77.4	8.3	83	11.83	-73.04
3	2015-11-07 20:20	27.13	54280	5.03	77.5	8.3	83	11.82	-73
3	2015-11-07 20:22	27.13	54270	5	77.1	8.3	83	11.82	-72.95
3	2015-11-07 20:24	27.13	54400	4.97	76.7	8.3	83	11.83	-72.8
3	2015-11-07 20:26	27.13	54300	4.97	76.5	8.3	83	11.82	-72.72
3	2015-11-07 20:28	27.12	54300	4.97	76.6	8.29	84	11.8	-72.6
3	2015-11-07 20:30	27.11	54360	4.96	76.3	8.29	84	11.73	-72.36
3	2015-11-07 20:32	27.1	54270	4.96	76.3	8.29	84	11.8	-72.25
3	2015-11-07 20:34	27.09	54370	4.94	76	8.29	84	11.82	-72.19
3	2015-11-07 20:36	27.09	54340	4.9	75.5	8.28	84	11.82	-71.99
3	2015-11-07 20:38	27.09	54190	4.89	75.2	8.28	84	11.78	-71.84
3	2015-11-07 20:40	27.08	54290	4.86	74.8	8.28	84	11.8	-71.66
3	2015-11-07 20:42	27.08	54450	4.84	74.5	8.28	84	11.8	-71.57
3	2015-11-07 20:44	27.08	54290	4.8	73.9	8.27	84	11.8	-71.36
3	2015-11-07 20:46	27.08	54420	4.78	73.6	8.27	84	11.78	-71.37
3	2015-11-07 20:48	27.08	54350	4.75	73.2	8.27	84	11.78	-71.31
3	2015-11-07 20:50	27.09	54410	4.72	72.8	8.27	83	11.8	-71.3
3	2015-11-07 20:52	27.09	54380	4.7	72.3	8.27	83	11.77	-71.34
3	2015-11-07 20:54	27.09	54250	4.67	71.9	8.27	83	11.77	-71.37
3	2015-11-07 20:56	27.09	54350	4.66	71.8	8.27	83	11.77	-71.29
3	2015-11-07 20:58	27.09	54290	4.63	71.3	8.27	84	11.78	-71.16
3	2015-11-07 21:00	27.09	54300	4.59	70.7	8.27	84	11.77	-71.15
3	2015-11-07 21:02	27.09	54310	4.6	70.8	8.27	84	11.77	-71.16
3	2015-11-07 21:04	27.09	54250	4.61	70.9	8.27	84	11.77	-71.2
3	2015-11-07 21:06	27.08	54390	4.59	70.6	8.27	84	11.77	-71.13
3	2015-11-07 21:08	27.08	54370	4.57	70.4	8.27	84	11.77	-71.16
3	2015-11-07 21:10	27.09	54300	4.59	70.6	8.27	84	11.78	-71.27
3	2015-11-07 21:12	27.07	54360	4.6	70.9	8.28	83	11.77	-71.42
3	2015-11-07 21:14	27.07	54220	4.66	71.6	8.28	83	11.73	-71.48
3	2015-11-07 21:16	27.07	54290	4.69	72.2	8.27	83	11.73	-71.45
3	2015-11-07 21:18	27.06	54400	4.71	72.6	8.27	83	11.77	-71.35
3	2015-11-07 21:20	27.06	54310	4.73	72.8	8.27	84	11.77	-71.35
3	2015-11-07 21:22	27.06	54270	4.72	72.6	8.27	84	11.73	-71.28
3	2015-11-07 21:24	27.06	54370	4.71	72.4	8.27	84	11.75	-71.21
3	2015-11-07 21:26	27.06	54300	4.7	72.4	8.27	84	11.73	-71.13
3	2015-11-07 21:28	27.06	54360	4.68	72.1	8.27	84	11.75	-71.09
3	2015-11-07 21:30	27.06	54280	4.68	72	8.27	83	11.75	-71.1
3	2015-11-07 21:32	27.06	54400	4.66	71.7	8.27	84	11.73	-70.96
3	2015-11-07 21:34	27.05	54320	4.65	71.5	8.27	84	11.72	-70.89
3	2015-11-07 21:36	27.05	54510	4.64	71.4	8.26	84	11.73	-70.81
3	2015-11-07 21:38	27.05	54460	4.63	71.2	8.26	84	11.72	-70.79
3	2015-11-07 21:40	27.05	54250	4.62	71.1	8.27	84	11.73	-70.79
3	2015-11-07 21:42	27.05	54290	4.61	70.9	8.26	84	11.68	-70.74
3	2015-11-07 21:44	27.05	54380	4.61	70.9	8.26	84	11.73	-70.69
3	2015-11-07 21:46	27.05	54330	4.62	71	8.26	84	11.7	-70.62
3	2015-11-07 21:48	27.04	54370	4.63	71.3	8.26	84	11.72	-70.51
3	2015-11-07 21:50	27.04	54250	4.7	72.3	8.26	84	11.73	-70.78
3	2015-11-07 21:52	27.04	54370	4.76	73.2	8.27	84	11.7	-70.87
3	2015-11-07 21:54	27.04	54500	4.78	73.6	8.27	84	11.7	-71.05
3	2015-11-07 21:56	27.04	54310	4.82	74.1	8.27	84	11.7	-71.33
3	2015-11-07 21:58	27.03	54340	4.96	76.3	8.28	84	11.72	-71.56
3	2015-11-07 22:00	27.02	54380	5.06	77.9	8.28	84	11.7	-71.76
3	2015-11-07 22:02	27.03	54410	5.07	78.1	8.28	84	11.72	-71.67
3	2015-11-07 22:04	27.03	54340	5.07	77.9	8.28	84	11.7	-71.65
3	2015-11-07 22:06	27.02	54310	5.04	77.5	8.28	85	11.7	-71.62
3	2015-11-07 22:08	27.02	54270	5.01	77	8.28	85	11.66	-71.47
3	2015-11-07 22:10	27.02	54360	4.94	76	8.28	85	11.68	-71.4
3	2015-11-07 22:12	27.02	54300	4.9	75.3	8.27	84	11.7	-71.29
3	2015-11-07 22:14	27	54350	4.86	74.7	8.27	84	11.66	-71.2
3	2015-11-07 22:16	27	54270	4.83	74.2	8.27	84	11.68	-71.16
3	2015-11-07 22:18	27	54340	4.83	74.2	8.27	84	11.68	-71.13
3	2015-11-07 22:20	27.01	54360	4.81	74	8.27	84	11.68	-71.14
3	2015-11-07 22:22	27	54360	4.94	75.9	8.28	84	11.7	-71.53
3	2015-11-07 22:24	27	54290	5.12	78.8	8.28	84	11.66	-71.89
3	2015-11-07 22:26	27	54420	5.27	81.1	8.28	84	11.65	-71.75
3	2015-11-07 22:28	26.99	54450	5.37	82.6	8.28	85	11.68	-71.77
3	2015-11-07 22:30	26.99	54310	5.48	84.2	8.29	85	11.66	-72.03
3	2015-11-07 22:32	26.98	54350	5.54	85.2	8.29	85	11.68	-72.14
3	2015-11-07 22:34	26.99	54380	5.6	86.1	8.29	85	11.63	-72.25
3	2015-11-07 22:36	26.99	54300	5.63	86.5	8.29	85	11.65	-72.37
3	2015-11-07 22:38	26.98	54370	5.68	87.3	8.3	85	11.68	-72.67
3	2015-11-07 22:40	26.98	54450	5.67	87.3	8.3	85	11.66	-72.84
3	2015-11-07 22:42	26.98	54390	5.7	87.6	8.3	85	11.65	-72.75
3	2015-11-07 22:44	26.98	54320	5.7	87.7	8.3	85	11.65	-72.66
3	2015-11-07 22:46	26.98	54290	5.74	88.2	8.3	85	11.66	-72.7
3	2015-11-07 22:48	26.97	54480	5.74	88.3	8.3	85	11.65	-72.67
3	2015-11-07 22:50	26.97	54390	5.76	88.5	8.3	85	11.66	-72.75
3	2015-11-07 22:52	26.97	54290	5.76	88.5	8.3	85	11.65	-72.89
3	2015-11-07 22:54	26.97	54350	5.76	88.6	8.3	85	11.65	-73.01
3	2015-11-07 22:56	26.96	54510	5.75	88.4	8.3	85	11.63	-73
3	2015-11-07 22:58	26.96	54410	5.75	88.4	8.3	85	11.61	-72.97
3	2015-11-07 23:00	26.95	54460	5.75	88.4	8.3	85	11.65	-72.98
3	2015-11-07 23:02	26.95	54390	5.74	88.2	8.3	85	11.63	-72.95
3	2015-11-07 23:04	26.95	54360	5.73	88	8.3	85	11.63	-72.94
3	2015-11-07 23:06	26.95	54300	5.72	87.9	8.3	85	11.63	-73.03
3	2015-11-07 23:08	26.95	54360	5.7	87.6	8.3	85	11.63	-72.95
3	2015-11-07 23:10	26.93	54360	5.69	87.4	8.3	85	11.63	-72.93
3	2015-11-07 23:12	26.93	54470	5.67	87.1	8.3	85	11.63	-73
3	2015-11-07 23:14	26.93	54420	5.67	87	8.31	85	11.61	-73.03
3	2015-11-07 23:16	26.91	54360	5.65	86.8	8.31	85	11.63	-73.08
3	2015-11-07 23:18	26.91	54470	5.65	86.8	8.31	85	11.61	-73.11
3	2015-11-07 23:20	26.89	54490	5.64	86.6	8.31	85	11.61	-73.08
3	2015-11-07 23:22	26.91	54420	5.63	86.4	8.31	85	11.61	-73.02
3	2015-11-07 23:24	26.88	54500	5.63	86.4	8.31	85	11.6	-73.02
3	2015-11-07 23:26	26.89	54400	5.61	86.1	8.3	85	11.58	-72.94
3	2015-11-07 23:28	26.89	54370	5.59	85.8	8.3	84	11.61	-72.89
3	2015-11-07 23:30	26.88	54390	5.58	85.7	8.3	85	11.61	-72.88
3	2015-11-07 23:32	26.89	54380	5.58	85.6	8.3	85	11.63	-72.78
3	2015-11-07 23:34	26.89	54380	5.57	85.4	8.3	85	11.58	-72.77
3	2015-11-07 23:36	26.85	54390	5.54	85	8.3	85	11.58	-72.75
3	2015-11-07 23:38	26.85	54560	5.54	85	8.3	85	11.58	-72.69
3	2015-11-07 23:40	26.86	54340	5.52	84.7	8.3	85	11.58	-72.66
3	2015-11-07 23:42	26.85	54440	5.51	84.5	8.3	85	11.6	-72.67
3	2015-11-07 23:44	26.83	54510	5.51	84.6	8.3	85	11.6	-72.73
3	2015-11-07 23:46	26.84	54400	5.52	84.6	8.3	85	11.56	-72.72
3	2015-11-07 23:48	26.84	54360	5.51	84.6	8.3	85	11.56	-72.66
3	2015-11-07 23:50	26.83	54410	5.5	84.3	8.3	85	11.56	-72.6
3	2015-11-07 23:52	26.8	54450	5.5	84.3	8.3	85	11.56	-72.69
3	2015-11-07 23:54	26.81	54490	5.49	84.1	8.3	85	11.6	-72.66
3	2015-11-07 23:56	26.81	54320	5.49	84.1	8.3	85	11.6	-72.57
3	2015-11-07 23:58	26.8	54370	5.48	83.9	8.3	85	11.56	-72.57
3	2015-11-08 00:00	26.81	54440	5.47	83.8	8.3	85	11.6	-72.49
3	2015-11-08 00:02	26.8	54450	5.45	83.6	8.3	85	11.56	-72.45
3	2015-11-08 00:04	26.77	54340	5.44	83.3	8.29	85	11.56	-72.37
3	2015-11-08 00:06	26.78	54310	5.44	83.2	8.29	85	11.58	-72.27
3	2015-11-08 00:08	26.77	54420	5.42	83.1	8.29	85	11.58	-72.26
3	2015-11-08 00:10	26.77	54390	5.41	82.9	8.29	85	11.55	-72.27
3	2015-11-08 00:12	26.75	54310	5.41	82.8	8.29	85	11.55	-72.28
3	2015-11-08 00:14	26.74	54540	5.4	82.8	8.29	84	11.56	-72.25
3	2015-11-08 00:16	26.74	54320	5.4	82.7	8.29	84	11.56	-72.25
3	2015-11-08 00:18	26.74	54480	5.39	82.5	8.29	85	11.55	-72.28
3	2015-11-08 00:20	26.74	54390	5.39	82.5	8.29	84	11.58	-72.19
3	2015-11-08 00:22	26.74	54320	5.37	82.2	8.29	84	11.55	-72.11
3	2015-11-08 00:24	26.74	54390	5.36	82	8.29	84	11.56	-72.04
3	2015-11-08 00:26	26.72	54440	5.34	81.7	8.29	84	11.55	-72.1
3	2015-11-08 00:28	26.72	54370	5.33	81.5	8.29	84	11.44	-72.08
3	2015-11-08 00:30	26.72	54360	5.32	81.5	8.29	84	11.56	-72.08
3	2015-11-08 00:32	26.72	54390	5.32	81.4	8.29	84	11.56	-72.06
3	2015-11-08 00:34	26.71	54480	5.31	81.3	8.29	84	11.53	-72.07
3	2015-11-08 00:36	26.7	54320	5.31	81.2	8.29	85	11.53	-72.08
3	2015-11-08 00:38	26.71	54310	5.31	81.2	8.29	84	11.55	-72.03
3	2015-11-08 00:40	26.7	54450	5.3	81.1	8.29	85	11.55	-71.97
3	2015-11-08 00:42	26.7	54390	5.28	80.7	8.29	84	11.56	-71.89
3	2015-11-08 00:44	26.69	54310	5.28	80.7	8.29	84	11.55	-71.77
3	2015-11-08 00:46	26.69	54380	5.27	80.7	8.29	85	11.53	-71.74
3	2015-11-08 00:48	26.68	54360	5.28	80.7	8.29	85	11.55	-71.84
3	2015-11-08 00:50	26.68	54330	5.27	80.5	8.29	85	11.53	-71.76
3	2015-11-08 00:52	26.68	54280	5.28	80.7	8.28	85	11.55	-71.59
3	2015-11-08 00:54	26.67	54410	5.27	80.7	8.28	85	11.51	-71.58
3	2015-11-08 00:56	26.66	54400	5.29	81	8.29	85	11.53	-71.69
3	2015-11-08 00:58	26.66	54340	5.27	80.5	8.28	85	11.53	-71.64
3	2015-11-08 01:00	26.66	54370	5.27	80.6	8.28	85	11.53	-71.64
3	2015-11-08 01:02	26.66	54430	5.26	80.4	8.28	85	11.51	-71.56
3	2015-11-08 01:04	26.67	54450	5.24	80.2	8.28	85	11.51	-71.54
3	2015-11-08 01:06	26.66	54380	5.24	80.1	8.28	85	11.53	-71.49
3	2015-11-08 01:08	26.66	54400	5.22	79.8	8.28	85	11.53	-71.4
3	2015-11-08 01:10	26.66	54310	5.22	79.8	8.28	85	11.51	-71.39
3	2015-11-08 01:12	26.66	54310	5.21	79.7	8.28	84	11.49	-71.37
3	2015-11-08 01:14	26.66	54410	5.2	79.5	8.28	85	11.51	-71.31
3	2015-11-08 01:16	26.66	54430	5.19	79.4	8.28	85	11.51	-71.27
3	2015-11-08 01:18	26.66	54490	5.17	79.1	8.28	85	11.49	-71.22
3	2015-11-08 01:20	26.66	54300	5.17	79	8.28	85	11.48	-71.08
3	2015-11-08 01:22	26.66	54430	5.15	78.7	8.27	85	11.49	-70.98
3	2015-11-08 01:24	26.66	54350	5.13	78.4	8.27	85	11.49	-70.94
3	2015-11-08 01:26	26.66	54350	5.12	78.2	8.27	85	11.49	-70.91
3	2015-11-08 01:28	26.65	54280	5.1	78	8.27	85	11.48	-70.86
3	2015-11-08 01:30	26.65	54360	5.09	77.8	8.27	85	11.48	-70.8
3	2015-11-08 01:32	26.65	54440	5.08	77.7	8.27	85	11.49	-70.72
3	2015-11-08 01:34	26.65	54470	5.08	77.6	8.27	85	11.46	-70.73
3	2015-11-08 01:36	26.65	54340	5.08	77.7	8.27	85	11.48	-70.72
3	2015-11-08 01:38	26.64	54420	5.07	77.5	8.27	85	11.49	-70.62
3	2015-11-08 01:40	26.65	54510	5.06	77.4	8.27	85	11.49	-70.62
3	2015-11-08 01:42	26.64	54340	5.06	77.4	8.27	85	11.48	-70.54
3	2015-11-08 01:44	26.63	54520	5.07	77.6	8.27	85	11.48	-70.64
3	2015-11-08 01:46	26.63	54610	5.08	77.7	8.27	85	11.49	-70.79
3	2015-11-08 01:48	26.63	54440	5.09	77.8	8.27	85	11.46	-70.77
3	2015-11-08 01:50	26.63	54360	5.09	77.8	8.27	85	11.48	-70.72
3	2015-11-08 01:52	26.63	54400	5.09	77.9	8.27	85	11.46	-70.57
3	2015-11-08 01:54	26.62	54500	5.09	77.8	8.27	85	11.46	-70.64
3	2015-11-08 01:56	26.62	54270	5.09	77.7	8.27	85	11.44	-70.58
3	2015-11-08 01:58	26.62	54550	5.08	77.7	8.27	85	11.48	-70.63
3	2015-11-08 02:00	26.62	54310	5.09	77.7	8.27	85	11.46	-70.63
3	2015-11-08 02:02	26.62	54300	5.07	77.5	8.27	85	11.46	-70.57
3	2015-11-08 02:04	26.62	54500	5.06	77.4	8.27	85	11.46	-70.5
3	2015-11-08 02:06	26.63	54390	5.05	77.1	8.26	85	11.48	-70.42
3	2015-11-08 02:08	26.63	54320	5.04	77	8.26	85	11.46	-70.26
3	2015-11-08 02:10	26.62	54410	5.03	76.9	8.26	85	11.43	-70.25
3	2015-11-08 02:12	26.63	54300	5.01	76.6	8.26	85	11.46	-70.18
3	2015-11-08 02:14	26.62	54410	5	76.4	8.26	85	11.46	-70.11
3	2015-11-08 02:16	26.63	54270	5	76.4	8.26	85	11.43	-70.1
3	2015-11-08 02:18	26.63	54430	4.98	76.1	8.26	85	11.44	-70.08
3	2015-11-08 02:20	26.63	54440	4.97	75.9	8.26	85	11.46	-70.08
3	2015-11-08 02:22	26.63	54390	4.95	75.6	8.26	85	11.46	-70.01
3	2015-11-08 02:24	26.64	54460	4.91	75.1	8.25	85	11.44	-69.87
3	2015-11-08 02:26	26.64	54440	4.88	74.6	8.25	85	11.43	-69.76
3	2015-11-08 02:28	26.64	54550	4.85	74.2	8.25	85	11.44	-69.7
3	2015-11-08 02:30	26.63	54350	4.83	73.8	8.25	85	11.44	-69.72
3	2015-11-08 02:32	26.63	54430	4.83	73.8	8.25	85	11.41	-69.74
3	2015-11-08 02:34	26.63	54350	4.83	73.8	8.25	85	11.41	-69.73
3	2015-11-08 02:36	26.63	54300	4.84	73.9	8.25	85	11.44	-69.65
3	2015-11-08 02:38	26.63	54320	4.83	73.8	8.25	85	11.44	-69.64
3	2015-11-08 02:40	26.63	54320	4.83	73.8	8.25	85	11.43	-69.65
3	2015-11-08 02:42	26.62	54320	4.83	73.8	8.25	85	11.41	-69.63
3	2015-11-08 02:44	26.62	54340	4.84	74	8.25	85	11.41	-69.64
3	2015-11-08 02:46	26.63	54380	4.84	74	8.25	85	11.44	-69.6
3	2015-11-08 02:48	26.61	54390	4.86	74.3	8.25	85	11.41	-69.49
3	2015-11-08 02:50	26.62	54470	4.88	74.6	8.25	85	11.43	-69.44
3	2015-11-08 02:52	26.62	54300	4.89	74.6	8.25	85	11.43	-69.42
3	2015-11-08 02:54	26.62	40350	5.12	73.8	8.25	75	11.43	-69.77
3	2015-11-08 02:56	26.62	40390	5.1	73.6	8.28	78	11.41	-71.47
3	2015-11-08 02:58	26.62	40450	5.1	73.5	8.3	79	11.41	-72.89
3	2015-11-08 03:00	26.63	40470	5.08	73.4	8.31	81	11.38	-73.49
3	2015-11-08 03:02	26.63	40500	4.98	71.9	8.32	82	11.41	-73.88
3	2015-11-08 03:04	26.63	40480	4.79	69.1	8.32	83	11.43	-73.92
3	2015-11-08 03:06	26.64	40530	4.42	63.8	8.32	84	11.41	-73.8
3	2015-11-08 03:08	26.62	40510	4.36	62.9	8.32	85	11.41	-73.83
3	2015-11-08 03:10	26.62	40500	4.41	63.6	8.32	86	11.41	-74.03
3	2015-11-08 03:12	26.63	40530	4.45	64.3	8.32	87	11.41	-73.63
3	2015-11-08 03:14	26.63	40640	4.39	63.5	8.32	88	11.39	-74.08
3	2015-11-08 03:16	26.62	40610	4.44	64.2	8.33	89	11.39	-74.6
3	2015-11-08 03:18	26.63	40640	4.47	64.5	8.33	90	11.38	-74.72
3	2015-11-08 03:20	26.63	40660	4.54	65.6	8.34	91	11.39	-74.93
3	2015-11-08 03:22	26.62	40650	4.57	66.1	8.34	92	11.36	-74.9
3	2015-11-08 03:24	26.62	40680	4.64	67.1	8.33	93	11.41	-74.68
3	2015-11-08 03:26	26.63	40640	4.67	67.4	8.34	94	11.36	-74.88
3	2015-11-08 03:28	26.62	40670	4.83	69.8	8.34	94	11.41	-75.29
3	2015-11-08 03:30	26.62	40710	4.85	70.1	8.34	95	11.38	-75.22
3	2015-11-08 03:32	26.63	40700	4.86	70.3	8.34	95	11.36	-75.09
3	2015-11-08 03:34	26.63	40670	4.85	70	8.34	96	11.38	-75.17
3	2015-11-08 03:36	26.63	40720	4.74	68.6	8.34	97	11.36	-75.11
3	2015-11-08 03:38	26.63	40770	4.72	68.2	8.34	97	11.39	-75.11
3	2015-11-08 03:40	26.63	40660	4.72	68.1	8.34	98	11.36	-74.93
3	2015-11-08 03:42	26.62	40800	4.75	68.6	8.34	99	11.36	-75.03
3	2015-11-08 03:44	26.63	40700	4.76	68.9	8.34	99	11.38	-75.16
3	2015-11-08 03:46	26.63	40780	4.75	68.6	8.34	100	11.38	-75.15
3	2015-11-08 03:48	26.63	40770	4.75	68.6	8.34	99	11.38	-75.21
3	2015-11-08 03:50	26.61	40800	4.65	67.3	8.35	98	11.38	-75.63
3	2015-11-08 03:52	26.62	40800	4.69	67.8	8.35	99	11.36	-75.62
3	2015-11-08 03:54	26.62	40750	4.72	68.3	8.35	100	11.34	-75.48
3	2015-11-08 03:56	26.62	40800	4.75	68.7	8.35	100	11.34	-75.44
3	2015-11-08 03:58	26.62	40800	4.78	69.1	8.34	100	11.34	-75.23
3	2015-11-08 04:00	26.63	40820	4.78	69.2	8.34	100	11.36	-74.98
3	2015-11-08 04:02	26.62	40790	4.77	68.9	8.34	100	11.36	-75.14
3	2015-11-08 04:04	26.62	40800	4.77	69	8.35	101	11.34	-75.43
3	2015-11-08 04:06	26.62	40840	4.78	69	8.35	102	11.36	-75.49
3	2015-11-08 04:08	26.62	40830	4.76	68.8	8.35	102	11.36	-75.46
3	2015-11-08 04:10	26.62	40850	4.77	69	8.35	103	11.36	-75.57
3	2015-11-08 04:12	26.62	40810	4.78	69	8.35	103	11.36	-75.69
3	2015-11-08 04:14	26.62	40860	4.79	69.2	8.35	104	11.33	-75.7
3	2015-11-08 04:16	26.61	40850	4.79	69.3	8.34	105	11.34	-75.26
3	2015-11-08 04:18	26.61	40820	4.79	69.2	8.35	105	11.36	-75.39
3	2015-11-08 04:20	26.62	40810	4.76	68.8	8.35	106	11.34	-75.37
3	2015-11-08 04:22	26.61	40930	4.77	68.9	8.35	106	11.33	-75.46
3	2015-11-08 04:24	26.62	40880	4.77	68.9	8.34	107	11.36	-75.24
3	2015-11-08 04:26	26.6	40950	4.76	68.9	8.34	107	11.33	-75.3
3	2015-11-08 04:28	26.6	40860	4.79	69.2	8.35	108	11.31	-75.53
3	2015-11-08 04:30	26.6	40860	4.79	69.2	8.35	108	11.34	-75.67
3	2015-11-08 04:32	26.59	40880	4.8	69.3	8.35	109	11.33	-75.81
3	2015-11-08 04:34	26.6	40940	4.81	69.5	8.35	109	11.34	-75.88
3	2015-11-08 04:36	26.59	41010	4.82	69.6	8.35	110	11.34	-75.89
3	2015-11-08 04:38	26.6	40890	4.82	69.7	8.35	110	11.31	-75.72
3	2015-11-08 04:40	26.6	40950	4.83	69.8	8.35	111	11.31	-75.42
3	2015-11-08 04:42	26.6	40970	4.84	70	8.35	111	11.34	-75.34
3	2015-11-08 04:44	26.59	41000	4.8	69.4	8.34	111	11.31	-75
3	2015-11-08 04:46	26.6	40880	4.79	69.2	8.34	111	11.33	-75.13
3	2015-11-08 04:48	26.59	40940	4.78	69.1	8.34	111	11.33	-75.11
3	2015-11-08 04:50	26.6	41000	4.77	68.9	8.34	112	11.33	-75.07
3	2015-11-08 04:52	26.59	40910	4.76	68.8	8.34	112	11.34	-75.25
3	2015-11-08 04:54	26.59	40960	4.72	68.3	8.34	112	11.29	-75.24
3	2015-11-08 04:56	26.59	40960	4.7	67.9	8.34	113	11.31	-75.33
3	2015-11-08 04:58	26.6	41040	4.69	67.8	8.34	113	11.31	-75.26
3	2015-11-08 05:00	26.6	40980	4.67	67.5	8.34	113	11.31	-75.1
3	2015-11-08 05:02	26.6	40990	4.65	67.2	8.34	114	11.33	-75.02
3	2015-11-08 05:04	26.6	41010	4.63	67	8.34	115	11.31	-75.06
3	2015-11-08 05:06	26.6	40970	4.62	66.8	8.34	115	11.31	-74.71
3	2015-11-08 05:08	26.59	41030	4.64	67.1	8.34	116	11.31	-74.74
3	2015-11-08 05:10	26.6	41000	4.64	67.1	8.33	116	11.29	-74.72
3	2015-11-08 05:12	26.59	41070	4.64	67.1	8.33	116	11.29	-74.57
3	2015-11-08 05:14	26.59	41040	4.61	66.7	8.33	117	11.29	-74.65
3	2015-11-08 05:16	26.59	41010	4.61	66.7	8.34	117	11.31	-74.74
3	2015-11-08 05:18	26.58	41050	4.62	66.8	8.34	117	11.31	-74.74
3	2015-11-08 05:20	26.59	41010	4.6	66.5	8.34	118	11.29	-74.81
3	2015-11-08 05:22	26.59	41020	4.56	66	8.34	118	11.29	-74.68
3	2015-11-08 05:24	26.59	41010	4.55	65.7	8.33	118	11.29	-74.42
3	2015-11-08 05:26	26.59	41150	4.57	66.1	8.32	119	11.29	-74.09
3	2015-11-08 05:28	26.58	43620	4.56	66.6	8.32	119	11.27	-73.96
3	2015-11-08 05:30	26.58	43590	4.57	66.8	8.32	118	11.31	-74
3	2015-11-08 05:32	26.58	43490	4.6	67.1	8.32	117	11.29	-73.71
3	2015-11-08 05:34	26.58	43460	4.59	67	8.31	117	11.27	-73.39
3	2015-11-08 05:36	26.59	43580	4.58	66.9	8.31	117	11.29	-73.25
3	2015-11-08 05:38	26.58	43570	4.57	66.8	8.31	117	11.29	-73.1
3	2015-11-08 05:40	26.59	43520	4.54	66.3	8.31	117	11.27	-73.09
3	2015-11-08 05:42	26.58	43540	4.53	66.2	8.31	117	11.27	-72.97
3	2015-11-08 05:44	26.58	43500	4.54	66.3	8.3	117	11.29	-72.71
3	2015-11-08 05:46	26.58	43490	4.54	66.3	8.3	117	11.27	-72.87
3	2015-11-08 05:48	26.58	43490	4.54	66.2	8.31	117	11.27	-73.03
3	2015-11-08 05:50	26.58	43440	4.56	66.5	8.31	117	11.27	-72.99
3	2015-11-08 05:52	26.58	43430	4.54	66.3	8.31	117	11.29	-73.02
3	2015-11-08 05:54	26.57	43450	4.56	66.6	8.31	117	11.27	-73.03
3	2015-11-08 05:56	26.57	43430	4.59	66.9	8.31	118	11.27	-73.09
3	2015-11-08 05:58	26.56	43390	4.59	67	8.31	118	11.26	-73.13
3	2015-11-08 06:00	26.56	43450	4.59	67	8.31	118	11.27	-73.1
3	2015-11-08 06:02	26.57	43470	4.59	67.1	8.31	118	11.27	-73.01
3	2015-11-08 06:04	26.57	43460	4.58	66.9	8.31	118	11.29	-72.94
3	2015-11-08 06:06	26.57	43410	4.57	66.7	8.31	119	11.26	-72.94
3	2015-11-08 06:08	26.56	43410	4.54	66.2	8.31	119	11.27	-72.88
3	2015-11-08 06:10	26.57	43450	4.51	65.9	8.3	119	11.27	-72.8
3	2015-11-08 06:12	26.57	43410	4.53	66.1	8.3	120	11.27	-72.76
3	2015-11-08 06:14	26.57	43410	4.53	66.1	8.3	120	11.26	-72.74
3	2015-11-08 06:16	26.57	43440	4.52	65.9	8.3	120	11.27	-72.78
3	2015-11-08 06:18	26.57	43410	4.5	65.6	8.3	120	11.24	-72.75
3	2015-11-08 06:20	26.57	43420	4.48	65.3	8.3	121	11.26	-72.64
3	2015-11-08 06:22	26.56	43380	4.47	65.2	8.3	121	11.27	-72.48
3	2015-11-08 06:24	26.57	43360	4.46	65	8.3	121	11.27	-72.42
3	2015-11-08 06:26	26.56	43450	4.45	64.9	8.3	121	11.26	-72.4
3	2015-11-08 06:28	26.56	43340	4.46	65.1	8.3	121	11.27	-72.44
3	2015-11-08 06:30	26.55	43420	4.47	65.3	8.3	121	11.26	-72.7
3	2015-11-08 06:32	26.55	43390	4.49	65.5	8.3	122	11.24	-72.79
3	2015-11-08 06:34	26.55	43410	4.5	65.7	8.3	122	11.22	-72.79
3	2015-11-08 06:36	26.55	43390	4.52	65.9	8.3	122	11.22	-72.85
3	2015-11-08 06:38	26.55	43430	4.53	66.1	8.31	122	11.24	-72.85
3	2015-11-08 06:40	26.55	43380	4.54	66.2	8.3	123	11.26	-72.89
3	2015-11-08 06:42	26.55	43410	4.54	66.3	8.3	123	11.26	-72.56
3	2015-11-08 06:44	26.54	43380	4.53	66.1	8.3	123	11.22	-72.71
3	2015-11-08 06:46	26.54	43420	4.49	65.6	8.3	123	11.26	-72.73
3	2015-11-08 06:48	26.54	43350	4.42	64.5	8.3	123	11.24	-72.85
3	2015-11-08 06:50	26.54	43390	4.46	65	8.31	124	11.26	-72.95
3	2015-11-08 06:52	26.54	43330	4.48	65.4	8.31	124	11.26	-72.99
3	2015-11-08 06:54	26.54	43450	4.49	65.6	8.31	124	11.24	-72.95
3	2015-11-08 06:56	26.54	43400	4.52	65.9	8.31	124	11.24	-73.06
3	2015-11-08 06:58	26.53	43310	4.54	66.2	8.31	124	11.22	-73.18
3	2015-11-08 07:00	26.52	43430	4.57	66.7	8.31	125	11.22	-73.17
3	2015-11-08 07:02	26.52	43480	4.6	67.1	8.31	125	11.24	-73.21
3	2015-11-08 07:04	26.53	43400	4.63	67.5	8.31	125	11.24	-73.22
3	2015-11-08 07:06	26.53	43330	4.64	67.6	8.31	125	11.24	-73.21
3	2015-11-08 07:08	26.53	43400	4.61	67.3	8.31	126	11.24	-73.21
3	2015-11-08 07:10	26.51	43380	4.64	67.7	8.31	126	11.24	-73.29
3	2015-11-08 07:12	26.51	43360	4.66	68	8.31	126	11.19	-73.3
3	2015-11-08 07:14	26.52	43430	4.68	68.2	8.31	126	11.21	-73.19
3	2015-11-08 07:16	26.52	43340	4.69	68.3	8.31	126	11.12	-73.14
3	2015-11-08 07:18	26.52	43410	4.7	68.6	8.31	127	11.21	-73.11
3	2015-11-08 07:20	26.5	43420	4.68	68.2	8.31	127	11.22	-73.05
3	2015-11-08 07:22	26.5	43510	4.65	67.7	8.31	127	11.22	-73.15
3	2015-11-08 07:24	26.5	43510	4.65	67.8	8.31	127	11.21	-73.1
3	2015-11-08 07:26	26.49	43440	4.66	67.9	8.31	127	11.21	-73.05
3	2015-11-08 07:28	26.5	43360	4.68	68.1	8.31	127	11.22	-73
3	2015-11-08 07:30	26.5	43440	4.69	68.3	8.3	127	11.22	-72.84
3	2015-11-08 07:32	26.48	43390	4.68	68.2	8.31	127	11.21	-72.98
3	2015-11-08 07:34	26.49	43410	4.67	68	8.31	128	11.22	-73.15
3	2015-11-08 07:36	26.49	43510	4.67	68.1	8.31	128	11.21	-73.19
3	2015-11-08 07:38	26.48	43540	4.67	68.1	8.31	128	11.24	-73.19
3	2015-11-08 07:40	26.5	43340	4.68	68.2	8.31	128	11.22	-73.13
3	2015-11-08 07:42	26.48	43380	4.67	68	8.31	129	11.22	-73.17
3	2015-11-08 07:44	26.49	43290	4.65	67.7	8.31	129	11.21	-73.21
3	2015-11-08 07:46	26.48	43470	4.62	67.3	8.31	129	11.21	-73.2
3	2015-11-08 07:48	26.47	43370	4.63	67.4	8.31	129	11.22	-73.34
3	2015-11-08 07:50	26.47	43470	4.65	67.8	8.31	129	11.21	-73.34
3	2015-11-08 07:52	26.47	43450	4.68	68.2	8.31	129	11.22	-73.35
3	2015-11-08 07:54	26.48	43410	4.7	68.6	8.31	129	11.21	-73.38
3	2015-11-08 07:56	26.46	43480	4.71	68.6	8.31	129	11.22	-73.41
3	2015-11-08 07:58	26.46	43500	4.72	68.8	8.32	129	11.17	-73.47
3	2015-11-08 08:00	26.47	43500	4.73	69	8.32	129	11.21	-73.46
3	2015-11-08 08:02	26.47	43500	4.73	69	8.31	130	11.21	-73.31
3	2015-11-08 08:04	26.47	43480	4.76	69.3	8.31	130	11.21	-73.3
3	2015-11-08 08:06	26.47	43460	4.75	69.3	8.31	130	11.19	-73.27
3	2015-11-08 08:08	26.47	43490	4.74	69.1	8.31	130	11.21	-73.05
3	2015-11-08 08:10	26.45	43470	4.74	69.1	8.31	131	11.21	-73.05
3	2015-11-08 08:12	26.44	43550	4.72	68.8	8.31	131	11.17	-73.19
3	2015-11-08 08:14	26.44	43410	4.73	68.9	8.31	131	11.21	-73.16
3	2015-11-08 08:16	26.44	43570	4.74	69.1	8.31	131	11.17	-73.21
3	2015-11-08 08:18	26.44	43510	4.75	69.1	8.31	131	11.17	-73.14
3	2015-11-08 08:20	26.44	43460	4.74	69.1	8.31	131	11.17	-73.16
3	2015-11-08 08:22	26.44	43560	4.73	69	8.31	131	11.19	-73.22
3	2015-11-08 08:24	26.43	43530	4.7	68.5	8.31	131	11.21	-73.1
3	2015-11-08 08:26	26.43	43510	4.69	68.4	8.31	132	11.19	-73.23
3	2015-11-08 08:28	26.44	43550	4.69	68.4	8.31	132	11.19	-73.09
3	2015-11-08 08:30	26.44	43470	4.69	68.3	8.31	132	11.17	-73.03
3	2015-11-08 08:32	26.44	43530	4.69	68.3	8.31	132	11.17	-73.06
3	2015-11-08 08:34	26.43	43560	4.68	68.2	8.31	132	11.19	-73.12
3	2015-11-08 08:36	26.44	43520	4.69	68.3	8.31	133	11.19	-73.08
3	2015-11-08 08:38	26.44	43480	4.69	68.3	8.31	133	11.17	-73.06
3	2015-11-08 08:40	26.44	43560	4.69	68.3	8.31	133	11.17	-73.05
3	2015-11-08 08:42	26.44	43550	4.7	68.4	8.31	134	11.17	-72.93
3	2015-11-08 08:44	26.43	43550	4.71	68.6	8.31	134	11.17	-73.07
3	2015-11-08 08:46	26.42	43540	4.7	68.5	8.31	134	11.17	-73.15
3	2015-11-08 08:48	26.42	43600	4.71	68.6	8.31	134	11.17	-73.26
3	2015-11-08 08:50	26.43	43550	4.71	68.6	8.31	134	11.19	-73.25
3	2015-11-08 08:52	26.43	43550	4.71	68.7	8.31	134	11.17	-73.17
3	2015-11-08 08:54	26.43	43490	4.72	68.8	8.31	134	11.19	-73.13
3	2015-11-08 08:56	26.42	43560	4.72	68.7	8.31	135	11.17	-73.16
3	2015-11-08 08:58	26.42	43550	4.71	68.5	8.31	135	11.17	-73.12
3	2015-11-08 09:00	26.42	43600	4.69	68.3	8.31	135	11.16	-73.05
3	2015-11-08 09:02	26.4	43580	4.67	68	8.31	135	11.17	-72.91
3	2015-11-08 09:04	26.41	43660	4.64	67.6	8.31	135	11.16	-72.84
3	2015-11-08 09:06	26.4	43650	4.64	67.6	8.3	135	11.17	-72.7
3	2015-11-08 09:08	26.39	43550	4.64	67.5	8.3	135	11.16	-72.68
3	2015-11-08 09:10	26.4	43630	4.64	67.5	8.3	135	11.16	-72.65
3	2015-11-08 09:12	26.4	43580	4.64	67.6	8.3	135	11.14	-72.58
3	2015-11-08 09:14	26.4	43630	4.64	67.6	8.3	136	11.17	-72.59
3	2015-11-08 09:16	26.39	43600	4.64	67.6	8.3	136	11.17	-72.71
3	2015-11-08 09:18	26.39	43620	4.65	67.7	8.3	136	11.16	-72.78
3	2015-11-08 09:20	26.4	43660	4.65	67.8	8.3	136	11.16	-72.74
3	2015-11-08 09:22	26.4	43610	4.65	67.8	8.3	136	11.14	-72.62
3	2015-11-08 09:24	26.39	43580	4.65	67.7	8.3	136	11.14	-72.51
3	2015-11-08 09:26	26.37	43650	4.65	67.7	8.3	137	11.16	-72.74
3	2015-11-08 09:28	26.36	43580	4.67	68	8.31	136	11.17	-72.94
3	2015-11-08 09:30	26.37	43610	4.68	68.1	8.31	137	11.16	-73
3	2015-11-08 09:32	26.37	43570	4.69	68.3	8.31	137	11.16	-73.02
3	2015-11-08 09:34	26.38	43610	4.67	67.9	8.31	137	11.16	-73.08
3	2015-11-08 09:36	26.38	43570	4.67	67.9	8.31	138	11.14	-72.97
3	2015-11-08 09:38	26.38	43660	4.64	67.5	8.31	138	11.16	-72.94
3	2015-11-08 09:40	26.38	43650	4.61	67.2	8.31	138	11.16	-72.89
3	2015-11-08 09:42	26.37	43610	4.58	66.7	8.31	139	11.14	-72.85
3	2015-11-08 09:44	26.37	43630	4.59	66.8	8.31	139	11.16	-72.87
3	2015-11-08 09:46	26.38	43650	4.6	66.9	8.31	139	11.14	-72.81
3	2015-11-08 09:48	26.36	43620	4.6	66.9	8.31	139	11.14	-72.78
3	2015-11-08 09:50	26.37	43560	4.6	66.9	8.3	139	11.12	-72.72
3	2015-11-08 09:52	26.38	43640	4.61	67.2	8.3	140	11.14	-72.63
3	2015-11-08 09:54	26.38	43610	4.56	66.3	8.3	140	11.16	-72.51
3	2015-11-08 09:56	26.38	43640	4.54	66.1	8.3	141	11.16	-72.48
3	2015-11-08 09:58	26.38	43590	4.51	65.6	8.3	141	11.16	-72.4
3	2015-11-08 10:00	26.37	43570	4.5	65.5	8.3	141	11.16	-72.38
3	2015-11-08 10:02	26.38	43620	4.49	65.3	8.3	142	11.14	-72.37
3	2015-11-08 10:04	26.37	43610	4.51	65.6	8.3	142	11.14	-72.4
3	2015-11-08 10:06	26.36	43610	4.51	65.7	8.3	138	11.14	-72.32
3	2015-11-08 10:08	26.35	43610	4.49	65.4	8.3	137	11.12	-72.42
3	2015-11-08 10:10	26.37	43610	4.48	65.3	8.3	136	11.14	-72.46
3	2015-11-08 10:12	26.36	43560	4.47	65.1	8.3	136	11.12	-72.34
3	2015-11-08 10:14	26.37	43570	4.44	64.7	8.3	136	11.12	-72.39
3	2015-11-08 10:16	26.35	43560	4.43	64.5	8.3	137	11.16	-72.38
3	2015-11-08 10:18	26.35	43660	4.43	64.4	8.3	137	11.12	-72.35
3	2015-11-08 10:20	26.37	43590	4.41	64.2	8.3	137	11.14	-72.24
3	2015-11-08 10:22	26.34	43640	4.38	63.7	8.29	137	11.14	-72.21
3	2015-11-08 10:24	26.35	43630	4.38	63.8	8.29	137	11.14	-72.08
3	2015-11-08 10:26	26.36	43680	4.38	63.8	8.29	137	11.14	-72.06
3	2015-11-08 10:28	26.37	43660	4.37	63.7	8.29	138	11.14	-71.98
3	2015-11-08 10:30	26.37	43640	4.36	63.4	8.29	138	11.1	-71.92
3	2015-11-08 10:32	26.36	43650	4.35	63.3	8.29	138	11.12	-71.79
3	2015-11-08 10:34	26.35	43600	4.35	63.2	8.29	139	11.12	-71.71
3	2015-11-08 10:36	26.37	43560	4.32	62.9	8.28	139	11.12	-71.59
3	2015-11-08 10:38	26.36	43680	4.32	62.8	8.28	139	11.1	-71.58
3	2015-11-08 10:40	26.37	43720	4.3	62.7	8.28	140	11.12	-71.51
3	2015-11-08 10:42	26.37	43690	4.3	62.6	8.28	140	11.14	-71.35
3	2015-11-08 10:44	26.36	43660	4.28	62.4	8.28	140	11.12	-71.25
3	2015-11-08 10:46	26.36	43680	4.27	62.2	8.27	141	11.12	-70.97
3	2015-11-08 10:48	26.35	43690	4.26	62	8.28	141	11.1	-71.12
3	2015-11-08 10:50	26.35	43680	4.27	62.2	8.28	142	11.12	-71.1
3	2015-11-08 10:52	26.36	43690	4.27	62.2	8.28	142	11.1	-71.06
3	2015-11-08 10:54	26.34	43720	4.26	62	8.27	143	11.14	-71.02
3	2015-11-08 10:56	26.35	43690	4.26	62.1	8.27	143	11.12	-70.83
3	2015-11-08 10:58	26.33	43710	4.25	61.8	8.27	144	11.12	-70.68
3	2015-11-08 11:00	26.35	43650	4.24	61.7	8.27	144	11.1	-70.82
3	2015-11-08 11:02	26.34	43770	4.22	61.5	8.27	144	11.12	-70.75
3	2015-11-08 11:04	26.32	43680	4.2	61.1	8.27	145	11.12	-70.77
3	2015-11-08 11:06	26.33	43660	4.19	61	8.27	145	11.12	-70.71
3	2015-11-08 11:08	26.35	43660	4.18	60.8	8.27	146	11.1	-70.58
3	2015-11-08 11:10	26.34	43630	4.18	60.8	8.26	146	11.1	-70.49
3	2015-11-08 11:12	26.33	43730	4.16	60.5	8.26	147	11.09	-70.41
3	2015-11-08 11:14	26.34	43690	4.15	60.4	8.26	147	11.12	-70.37
3	2015-11-08 11:16	26.3	43700	4.14	60.2	8.26	148	11.09	-70.48
3	2015-11-08 11:18	26.31	43780	4.14	60.3	8.27	148	11.09	-70.64
3	2015-11-08 11:20	26.31	43690	4.13	60	8.27	148	11.12	-70.59
3	2015-11-08 11:22	26.29	43700	4.12	59.9	8.27	149	11.1	-70.57
3	2015-11-08 11:24	26.29	43830	4.14	60.2	8.27	149	11.09	-70.52
3	2015-11-08 11:26	26.3	43750	4.16	60.6	8.27	150	11.1	-70.54
3	2015-11-08 11:28	26.28	43800	4.18	60.8	8.27	150	11.1	-70.51
3	2015-11-08 11:30	26.29	43760	4.19	60.9	8.26	151	11.12	-70.44
3	2015-11-08 11:32	26.3	43720	4.17	60.6	8.26	151	11.12	-70.3
3	2015-11-08 11:34	26.29	43710	4.12	60	8.26	152	11.09	-70.4
3	2015-11-08 11:36	26.29	43800	4.15	60.3	8.26	153	11.09	-70.41
3	2015-11-08 11:38	26.28	43820	4.18	60.8	8.26	153	11.12	-70.49
3	2015-11-08 11:40	26.28	43690	4.2	61.1	8.27	154	11.09	-70.53
3	2015-11-08 11:42	26.26	43720	4.23	61.5	8.26	154	11.1	-70.47
3	2015-11-08 11:44	26.26	43780	4.27	62	8.27	155	11.12	-70.4
3	2015-11-08 11:46	26.26	43790	4.28	62.2	8.27	155	11.12	-70.52
3	2015-11-08 11:48	26.27	43730	4.26	62	8.27	156	11.09	-70.54
3	2015-11-08 11:50	26.29	43820	4.27	62.1	8.26	157	11.09	-70.42
3	2015-11-08 11:52	26.28	43730	4.26	62	8.26	157	11.1	-70.45
3	2015-11-08 11:54	26.26	43900	4.28	62.2	8.27	158	11.09	-70.57
3	2015-11-08 11:56	26.26	43820	4.28	62.3	8.27	158	11.1	-70.54
3	2015-11-08 11:58	26.25	43860	4.31	62.7	8.27	158	11.09	-70.76
3	2015-11-08 12:00	26.26	43810	4.34	63.1	8.27	159	11.1	-70.72
3	2015-11-08 12:02	26.27	43800	4.36	63.4	8.27	159	11.1	-70.8
3	2015-11-08 12:04	26.29	43850	4.37	63.6	8.27	160	11.07	-70.78
3	2015-11-08 12:06	26.26	43900	4.35	63.2	8.27	160	11.09	-70.68
3	2015-11-08 12:08	26.25	43910	4.39	63.8	8.27	160	11.09	-70.98
3	2015-11-08 12:10	26.29	43840	4.45	64.8	8.28	160	11.09	-71.06
3	2015-11-08 12:12	26.26	43900	4.5	65.4	8.27	161	11.07	-71.01
3	2015-11-08 12:14	26.25	43890	4.53	66	8.28	162	11.07	-71.14
3	2015-11-08 12:16	26.27	43880	4.57	66.5	8.28	162	11.09	-71.13
3	2015-11-08 12:18	26.28	43860	4.61	67	8.28	163	11.09	-71.16
3	2015-11-08 12:20	26.28	43880	4.63	67.4	8.28	163	11.07	-71.33
3	2015-11-08 12:22	26.28	43910	4.68	68.1	8.28	164	11.1	-71.54
3	2015-11-08 12:24	26.29	43840	4.74	69	8.29	165	11.1	-71.69
3	2015-11-08 12:26	26.27	43900	4.8	69.9	8.29	165	11.07	-71.86
3	2015-11-08 12:28	26.27	43940	4.83	70.2	8.29	166	11.07	-71.73
3	2015-11-08 12:30	26.29	43900	4.83	70.2	8.29	167	11.07	-71.65
3	2015-11-08 12:32	26.3	43920	4.81	70.1	8.29	167	11.1	-71.66
3	2015-11-08 12:34	26.3	43930	4.84	70.4	8.29	168	11.07	-71.76
3	2015-11-08 12:36	26.3	43880	4.87	70.9	8.29	169	11.09	-71.91
3	2015-11-08 12:38	26.26	43960	4.84	70.4	8.29	169	11.09	-72.11
3	2015-11-08 12:40	26.3	43860	4.87	70.9	8.29	170	11.09	-72.05
3	2015-11-08 12:42	26.31	43910	4.9	71.3	8.29	170	11.09	-72.01
3	2015-11-08 12:44	26.31	43880	4.92	71.7	8.29	170	11.07	-71.68
3	2015-11-08 12:46	26.29	43920	4.92	71.6	8.29	171	11.05	-71.99
3	2015-11-08 12:48	26.29	43880	4.97	72.4	8.29	171	11.09	-72.01
3	2015-11-08 12:50	26.28	43940	5.03	73.2	8.29	172	11.09	-71.84
3	2015-11-08 12:52	26.27	44020	5.09	74	8.29	172	11.02	-71.59
3	2015-11-08 12:54	26.3	43890	5.13	74.7	8.29	173	11.09	-71.72
3	2015-11-08 12:56	26.28	43920	5.14	74.8	8.28	173	11.09	-71.41
3	2015-11-08 12:58	26.29	44030	5.15	75	8.28	173	11.09	-71.46
3	2015-11-08 13:00	26.29	43940	5.19	75.5	8.29	174	11.09	-71.86
3	2015-11-08 13:02	26.31	44030	5.23	76.1	8.29	174	11.09	-71.96
3	2015-11-08 13:04	26.3	44000	5.23	76.2	8.29	175	11.07	-72.05
3	2015-11-08 13:06	26.27	44010	5.23	76.2	8.3	175	11.05	-72.37
3	2015-11-08 13:08	26.27	43980	5.24	76.2	8.29	176	11.05	-71.96
3	2015-11-08 13:10	26.28	43980	5.25	76.4	8.29	176	11.05	-72.05
3	2015-11-08 13:12	26.29	44010	5.25	76.5	8.29	177	11.09	-71.85
3	2015-11-08 13:14	26.28	43980	5.25	76.4	8.29	177	11.07	-71.84
3	2015-11-08 13:16	26.26	44130	5.23	76.2	8.29	177	11.09	-71.89
3	2015-11-08 13:18	26.28	44050	5.24	76.3	8.29	178	11.07	-71.89
3	2015-11-08 13:20	26.28	44090	5.25	76.4	8.29	178	11.05	-72.06
3	2015-11-08 13:22	26.28	44020	5.28	76.8	8.3	178	11.07	-72.23
3	2015-11-08 13:24	26.29	43960	5.29	77.1	8.3	179	11.07	-72.16
3	2015-11-08 13:26	26.29	44070	5.28	76.9	8.29	179	11.05	-72.02
3	2015-11-08 13:28	26.31	44020	5.27	76.8	8.29	179	11.05	-71.97
3	2015-11-08 13:30	26.29	44070	5.27	76.7	8.29	179	11.04	-72.08
3	2015-11-08 13:32	26.32	44040	5.28	76.9	8.29	179	11.05	-72.19
3	2015-11-08 13:34	26.33	44090	5.27	76.8	8.3	179	11.07	-72.3
3	2015-11-08 13:36	26.31	44060	5.29	77	8.3	180	11.05	-72.32
3	2015-11-08 13:38	26.35	44060	5.28	77	8.3	181	11.07	-72.32
3	2015-11-08 13:40	26.36	43970	5.29	77.1	8.3	181	11.07	-72.42
3	2015-11-08 13:42	26.37	44070	5.29	77.2	8.3	182	11.07	-72.4
3	2015-11-08 13:44	26.39	44080	5.31	77.5	8.3	183	11.07	-72.35
3	2015-11-08 13:46	26.37	44010	5.33	77.7	8.3	183	11.05	-72.38
3	2015-11-08 13:48	26.41	44000	5.32	77.7	8.29	183	11.05	-71.98
3	2015-11-08 13:50	26.41	44060	5.33	77.8	8.29	184	11.05	-71.79
3	2015-11-08 13:52	26.4	43990	5.34	77.9	8.29	184	11.04	-72.14
3	2015-11-08 13:54	26.46	43930	5.34	78	8.29	184	11.07	-72.07
3	2015-11-08 13:56	26.43	44000	5.34	77.9	8.3	184	11.07	-72.23
3	2015-11-08 13:58	26.46	43990	5.32	77.7	8.29	185	11.07	-72.01
3	2015-11-08 14:00	26.46	44010	5.3	77.4	8.29	185	11.05	-71.9
3	2015-11-08 14:02	26.48	44030	5.29	77.3	8.29	186	11.04	-71.74
3	2015-11-08 14:04	26.5	44020	5.29	77.3	8.28	187	11.07	-71.66
3	2015-11-08 14:06	26.49	44060	5.32	77.7	8.29	187	11.07	-71.82
3	2015-11-08 14:08	26.49	44010	5.33	77.9	8.29	187	11.05	-71.79
3	2015-11-08 14:10	26.5	44190	5.34	78	8.29	188	11.05	-71.85
3	2015-11-08 14:12	26.52	44110	5.33	77.9	8.29	189	11.05	-71.78
3	2015-11-08 14:14	26.49	44160	5.32	77.8	8.29	189	11.04	-71.7
3	2015-11-08 14:16	26.53	44140	5.33	77.9	8.29	190	11.05	-72
3	2015-11-08 14:18	26.55	44090	5.33	78	8.29	190	11.05	-72.05
3	2015-11-08 14:20	26.54	44110	5.35	78.3	8.29	190	11.07	-72.07
3	2015-11-08 14:22	26.54	44080	5.37	78.6	8.29	191	11.07	-71.89
3	2015-11-08 14:24	26.54	44170	5.39	78.8	8.29	191	11.05	-71.94
3	2015-11-08 14:26	26.53	44160	5.43	79.4	8.29	192	11.05	-72.2
3	2015-11-08 14:28	26.57	44180	5.45	79.8	8.29	193	11.05	-72.12
3	2015-11-08 14:30	26.52	44130	5.48	80.2	8.3	194	11.04	-72.38
3	2015-11-08 14:32	26.56	44150	5.49	80.4	8.3	195	11.05	-72.28
3	2015-11-08 14:34	26.57	44120	5.51	80.7	8.29	195	11.05	-72.14
3	2015-11-08 14:36	26.59	44170	5.51	80.7	8.29	196	11.07	-72.27
3	2015-11-08 14:38	26.6	44110	5.53	81	8.3	196	11.02	-72.32
3	2015-11-08 14:40	26.56	44150	5.56	81.3	8.3	197	11.05	-72.25
3	2015-11-08 14:42	26.54	44220	5.58	81.7	8.29	197	11.05	-72.08
3	2015-11-08 14:44	26.51	44120	0	0	8.18	198	11.07	-64.42
3	2015-11-08 14:46	26.55	44190	5.57	81.6	8.29	198	11.05	-72.14
3	2015-11-08 14:48	26.59	44160	5.57	81.6	8.29	199	11.05	-72
3	2015-11-08 14:50	26.59	44130	5.56	81.4	8.29	199	11.05	-71.75
3	2015-11-08 14:52	26.64	44170	5.55	81.4	8.29	200	11.05	-71.87
3	2015-11-08 14:54	26.6	44160	5.56	81.4	8.29	200	11.05	-71.91
3	2015-11-08 14:56	26.62	44180	5.55	81.4	8.29	201	11.05	-71.82
3	2015-11-08 14:58	26.59	44160	5.57	81.6	8.29	202	11.04	-71.85
3	2015-11-08 15:00	26.63	44130	5.59	81.8	8.29	202	11.02	-71.76
3	2015-11-08 15:02	26.68	44090	5.6	82.1	8.28	202	11.05	-71.58
3	2015-11-08 15:04	26.67	44070	0	0	8.17	203	11.04	-64.29
3	2015-11-08 15:06	26.67	44180	5.64	82.7	8.29	203	11.04	-72.1
3	2015-11-08 15:08	26.71	44100	5.67	83.2	8.29	204	11.04	-71.98
3	2015-11-08 15:10	26.72	44100	5.69	83.4	8.3	204	11.05	-72.3
3	2015-11-08 15:12	26.72	44100	5.71	83.8	8.3	204	11.02	-72.54
3	2015-11-08 15:14	26.71	44100	5.73	84	8.3	204	11.02	-72.6
3	2015-11-08 15:16	26.7	44230	5.75	84.4	8.3	204	11.05	-72.49
3	2015-11-08 15:18	26.74	44190	5.73	84.1	8.3	204	11.04	-72.64
3	2015-11-08 15:20	26.74	44130	5.73	84	8.3	204	11.05	-72.68
3	2015-11-08 15:22	26.72	44130	5.78	84.8	8.3	205	11.02	-72.74
3	2015-11-08 15:24	26.7	44150	5.82	85.3	8.3	206	11.05	-72.84
3	2015-11-08 15:26	26.79	44080	5.83	85.6	8.3	206	11.02	-72.76
3	2015-11-08 15:28	26.77	44200	5.85	86	8.31	207	11.02	-72.9
3	2015-11-08 15:30	26.76	44210	5.87	86.2	8.3	207	11.02	-72.78
3	2015-11-08 15:32	26.81	44120	5.88	86.5	8.3	208	11.02	-72.63
3	2015-11-08 15:34	26.74	44170	5.9	86.6	8.3	208	11.04	-72.7
3	2015-11-08 15:36	26.76	44180	5.91	86.8	8.3	209	11.02	-72.87
3	2015-11-08 15:38	26.76	44200	5.92	86.9	8.31	210	11.02	-73.11
3	2015-11-08 15:40	26.8	44120	5.93	87.2	8.31	210	11.02	-73.11
3	2015-11-08 15:42	26.8	44170	5.96	87.5	8.31	210	11.02	-73.06
3	2015-11-08 15:44	26.79	44160	5.97	87.7	8.31	211	11.02	-72.89
3	2015-11-08 15:46	26.78	44210	5.96	87.6	8.3	212	10.99	-72.85
3	2015-11-08 15:48	26.81	44160	5.95	87.5	8.3	212	11.02	-72.77
3	2015-11-08 15:50	26.85	44130	5.95	87.6	8.3	213	11.04	-72.83
3	2015-11-08 15:52	26.81	44190	5.95	87.4	8.31	213	11.02	-72.9
3	2015-11-08 15:54	26.78	44200	5.95	87.4	8.3	214	11.04	-72.83
3	2015-11-08 15:56	26.84	44040	5.95	87.4	8.3	214	11.02	-72.77
3	2015-11-08 15:58	26.78	44120	5.97	87.7	8.3	214	11.04	-72.77
3	2015-11-08 16:00	26.82	44110	5.97	87.8	8.31	215	11	-73.1
3	2015-11-08 16:02	26.91	44080	5.98	88	8.31	215	11.02	-73.14
3	2015-11-08 16:04	26.89	44130	6	88.2	8.3	216	11.02	-72.91
3	2015-11-08 16:06	26.92	44150	6.01	88.5	8.31	217	11.02	-73.1
3	2015-11-08 16:08	26.95	44110	6.03	88.8	8.3	217	11.02	-72.88
3	2015-11-08 16:10	26.95	44170	6.04	89	8.3	217	11.02	-72.95
3	2015-11-08 16:12	26.86	44270	6.06	89.2	8.31	218	11.02	-72.94
3	2015-11-08 16:14	26.89	44200	6.04	88.9	8.3	218	10.97	-72.8
3	2015-11-08 16:16	26.91	44210	6.03	88.9	8.3	219	11	-72.64
3	2015-11-08 16:18	26.99	44140	6.01	88.7	8.3	220	11.02	-72.73
3	2015-11-08 16:20	26.87	44220	6.02	88.6	8.3	220	11.02	-72.9
3	2015-11-08 16:22	26.89	44140	6.01	88.5	8.3	221	11	-72.79
3	2015-11-08 16:24	26.89	44230	6.02	88.6	8.3	221	11	-72.73
3	2015-11-08 16:26	26.91	44220	6.02	88.6	8.31	222	11	-72.97
3	2015-11-08 16:28	26.95	44170	6.02	88.6	8.3	222	10.99	-72.7
3	2015-11-08 16:30	26.96	44070	6.05	89.1	8.3	222	11.04	-72.75
3	2015-11-08 16:32	27.01	44190	6.06	89.4	8.31	223	11	-72.98
3	2015-11-08 16:34	26.93	44250	6.08	89.6	8.3	223	11.02	-72.89
3	2015-11-08 16:36	27.01	44230	6.09	89.8	8.3	223	11.02	-72.78
3	2015-11-08 16:38	26.98	44260	6.07	89.5	8.3	223	11.02	-72.8
3	2015-11-08 16:40	27.03	44210	6.09	89.9	8.3	223	11.02	-72.82
3	2015-11-08 16:42	27.03	44190	6.12	90.3	8.3	224	11.02	-72.73
3	2015-11-08 16:44	26.97	44270	6.14	90.5	8.3	224	11.02	-72.78
3	2015-11-08 16:46	27.04	44280	6.14	90.6	8.3	225	11.02	-72.76
3	2015-11-08 16:48	27.04	44170	6.16	91	8.3	225	11.02	-72.94
3	2015-11-08 16:50	27.02	44220	6.17	91	8.3	225	10.99	-72.92
3	2015-11-08 16:52	26.95	44330	6.17	91	8.3	225	10.95	-72.9
3	2015-11-08 16:54	26.95	44300	6.18	91	8.3	226	10.99	-72.9
3	2015-11-08 16:56	26.95	44260	6.18	91.1	8.31	226	11.02	-72.98
3	2015-11-08 16:58	26.98	44210	6.18	91.1	8.3	226	11	-72.87
3	2015-11-08 17:00	26.95	44240	6.19	91.2	8.3	227	11.02	-72.94
3	2015-11-08 17:02	27.03	44180	6.19	91.4	8.3	227	11.02	-72.84
3	2015-11-08 17:04	26.98	44220	6.19	91.2	8.31	227	11	-72.98
3	2015-11-08 17:06	27.07	44210	6.19	91.4	8.3	227	11.02	-72.97
3	2015-11-08 17:08	26.94	44330	6.19	91.2	8.3	228	10.99	-72.83
3	2015-11-08 17:10	26.91	44370	6.18	91.1	8.31	228	11	-73.03
3	2015-11-08 17:12	26.89	44320	6.17	90.8	8.31	229	11	-72.98
3	2015-11-08 17:14	26.9	44250	6.14	90.4	8.31	229	11	-73
3	2015-11-08 17:16	26.91	44290	6.11	90	8.3	230	10.97	-72.9
3	2015-11-08 17:18	26.95	44240	6.1	89.8	8.31	231	10.99	-73.04
3	2015-11-08 17:20	26.96	44260	6.08	89.6	8.31	231	10.93	-73.26
3	2015-11-08 17:22	25.82	61.7	7.98	98.2	7.7	238	11	-37.4
3	2015-11-08 17:24	25.5	47.3	8.28	101.2	7.47	252	11	-24.61
3	2015-11-08 17:26	25.76	41.6	8.28	101.8	7.45	254	11	-23.62
3	2015-11-08 17:28	24.76	48.7	8.45	101.9	8	254	10.97	-53.02
