SENS_ID	SDN	O2	O2satper	TC	pHinsitu	VpH	COND	ORP	Vbatt
1	2015-11-07 21:40	6.6	99.4	26	0.19	-127	53370	0	12.62
1	2015-11-07 21:42	6.58	99.1	26	0.13	-127.4	53300	-7	12.62
1	2015-11-07 21:44	6.57	99	26	0.17	-127.2	53310	-14	12.63
1	2015-11-07 21:46	6.56	98.8	26	0.24	-126.7	53350	-4	12.6
1	2015-11-07 21:48	6.55	98.5	25.99	0.33	-126.2	53260	-7	12.62
1	2015-11-07 21:50	6.54	98.5	25.99	0.41	-125.7	53380	-14	12.58
1	2015-11-07 21:52	6.53	98.3	25.99	0.51	-125.2	53310	-21	12.6
1	2015-11-07 21:54	6.52	98.1	25.99	0.58	-124.8	53310	-12	12.58
1	2015-11-07 21:56	6.51	98	25.99	0.66	-124.3	53330	-6	12.58
1	2015-11-07 21:58	6.5	97.8	25.98	0.73	-123.9	53250	-23	12.57
1	2015-11-07 22:00	6.5	97.8	25.98	0.8	-123.5	53260	-35	12.55
1	2015-11-07 22:02	6.48	97.5	25.98	0.86	-123.2	53240	-12	12.46
1	2015-11-07 22:04	6.48	97.5	25.98	0.91	-122.9	53290	-24	12.55
1	2015-11-07 22:06	6.46	97.2	25.98	0.97	-122.5	53290	-19	12.55
1	2015-11-07 22:08	6.47	97.3	25.98	1.03	-122.2	53210	-16	12.55
1	2015-11-07 22:10	6.46	97.2	25.97	1.08	-121.9	53280	-21	12.53
1	2015-11-07 22:12	6.44	96.9	25.97	1.13	-121.6	53260	-18	12.51
1	2015-11-07 22:14	6.43	96.7	25.97	1.18	-121.3	53320	-7	12.53
1	2015-11-07 22:16	6.42	96.6	25.96	1.22	-121.1	53350	-9	12.5
1	2015-11-07 22:18	6.42	96.6	25.96	1.25	-120.9	53250	-8	12.51
1	2015-11-07 22:20	6.41	96.4	25.96	1.3	-120.7	53360	-15	12.51
1	2015-11-07 22:22	6.41	96.4	25.96	1.34	-120.4	53290	-13	12.5
1	2015-11-07 22:24	6.4	96.3	25.95	1.39	-120.1	53280	-22	12.48
1	2015-11-07 22:26	6.39	96.1	25.95	1.43	-119.9	53230	-16	12.5
1	2015-11-07 22:28	6.38	96	25.95	1.47	-119.7	53280	-14	12.48
1	2015-11-07 22:30	6.37	95.9	25.95	1.51	-119.4	53260	-15	12.46
1	2015-11-07 22:32	6.37	95.8	25.94	1.55	-119.2	53290	-21	12.43
1	2015-11-07 22:34	6.36	95.6	25.94	1.58	-119	53340	-5	12.46
1	2015-11-07 22:36	6.36	95.7	25.94	1.61	-118.9	53320	-13	12.46
1	2015-11-07 22:38	6.36	95.7	25.93	1.64	-118.7	53280	-21	12.43
1	2015-11-07 22:40	6.33	95.2	25.93	1.67	-118.5	53300	-5	12.45
1	2015-11-07 22:42	6.33	95.3	25.93	1.69	-118.4	53350	-20	12.43
1	2015-11-07 22:44	6.33	95.2	25.92	1.72	-118.2	53220	-13	12.43
1	2015-11-07 22:46	6.32	95	25.92	1.75	-118	53260	-9	12.41
1	2015-11-07 22:48	6.32	95.1	25.92	1.77	-117.9	53310	-5	12.41
1	2015-11-07 22:50	6.31	94.8	25.92	1.8	-117.8	53250	-3	12.41
1	2015-11-07 22:52	6.3	94.7	25.91	1.81	-117.7	53340	0	12.4
1	2015-11-07 22:54	6.3	94.7	25.91	1.83	-117.6	53320	-6	12.38
1	2015-11-07 22:56	6.29	94.5	25.91	1.85	-117.5	53350	-3	12.38
1	2015-11-07 22:58	6.28	94.4	25.91	1.87	-117.3	53290	-1	12.41
1	2015-11-07 23:00	6.27	94.3	25.91	1.89	-117.2	53360	-1	12.4
1	2015-11-07 23:02	6.26	94.1	25.9	1.92	-117.1	53300	-7	12.4
1	2015-11-07 23:04	6.26	94.1	25.9	1.93	-117	53240	3	12.4
1	2015-11-07 23:06	6.25	94	25.9	1.96	-116.8	53280	-13	12.38
1	2015-11-07 23:08	6.24	93.8	25.9	1.98	-116.7	53370	-1	12.38
1	2015-11-07 23:10	6.23	93.7	25.9	2.01	-116.6	53280	-18	12.36
1	2015-11-07 23:12	6.23	93.6	25.89	2.03	-116.4	53290	-10	12.36
1	2015-11-07 23:14	6.22	93.5	25.89	2.05	-116.3	53320	-12	12.34
1	2015-11-07 23:16	6.22	93.5	25.89	2.07	-116.2	53360	-5	12.33
1	2015-11-07 23:18	6.22	93.4	25.88	2.09	-116.1	53350	-10	12.36
1	2015-11-07 23:20	6.21	93.3	25.88	2.11	-116	53280	0	12.33
1	2015-11-07 23:22	6.21	93.3	25.88	2.13	-115.9	53240	-6	12.31
1	2015-11-07 23:24	6.2	93.2	25.88	2.15	-115.8	53250	-15	12.33
1	2015-11-07 23:26	6.18	92.9	25.88	2.17	-115.6	53280	-7	12.31
1	2015-11-07 23:28	6.18	92.8	25.87	2.19	-115.5	53250	-1	12.31
1	2015-11-07 23:30	6.17	92.6	25.87	2.2	-115.4	53250	6	12.31
1	2015-11-07 23:32	6.16	92.6	25.87	2.22	-115.3	53300	-6	12.29
1	2015-11-07 23:34	6.16	92.5	25.86	2.24	-115.2	53260	-4	12.31
1	2015-11-07 23:36	6.16	92.4	25.86	2.26	-115.1	53260	-4	12.29
1	2015-11-07 23:38	6.15	92.3	25.86	2.28	-115	53230	2	12.28
1	2015-11-07 23:40	6.14	92.2	25.86	2.29	-114.9	53290	-3	12.31
1	2015-11-07 23:42	6.14	92.2	25.85	2.31	-114.8	53350	-5	12.28
1	2015-11-07 23:44	6.13	92	25.84	2.33	-114.7	53320	-6	12.29
1	2015-11-07 23:46	6.13	92.1	25.85	2.34	-114.6	53330	-5	12.28
1	2015-11-07 23:48	6.12	91.8	25.84	2.35	-114.6	53260	-4	12.28
1	2015-11-07 23:50	6.12	91.8	25.85	2.37	-114.5	53230	-5	12.24
1	2015-11-07 23:52	6.11	91.8	25.84	2.39	-114.4	53300	1	12.24
1	2015-11-07 23:54	6.1	91.6	25.84	2.4	-114.3	53350	1	12.24
1	2015-11-07 23:56	6.1	91.6	25.84	2.42	-114.2	53290	0	12.28
1	2015-11-07 23:58	6.09	91.4	25.83	2.44	-114	53250	-8	12.24
1	2015-11-08 00:00	6.09	91.4	25.83	2.45	-114	53230	2	12.23
1	2015-11-08 00:02	6.08	91.3	25.83	2.47	-113.9	53320	0	12.26
1	2015-11-08 00:04	6.07	91.2	25.83	2.49	-113.7	53280	6	12.12
1	2015-11-08 00:06	6.08	91.3	25.82	2.51	-113.7	53350	9	12.24
1	2015-11-08 00:08	6.07	91.1	25.82	2.53	-113.5	53310	0	12.23
1	2015-11-08 00:10	6.07	91	25.81	2.54	-113.5	53240	5	12.23
1	2015-11-08 00:12	6.05	90.8	25.81	2.56	-113.4	53270	12	12.21
1	2015-11-08 00:14	6.05	90.9	25.81	2.57	-113.3	53280	9	12.21
1	2015-11-08 00:16	6.05	90.8	25.81	2.58	-113.2	53280	9	12.21
1	2015-11-08 00:18	6.05	90.7	25.81	2.6	-113.1	53270	12	12.23
1	2015-11-08 00:20	6.04	90.6	25.8	2.61	-113.1	53270	5	12.23
1	2015-11-08 00:22	6.02	90.4	25.8	2.62	-113	53340	11	12.21
1	2015-11-08 00:24	6.03	90.4	25.8	2.64	-112.9	53280	18	12.19
1	2015-11-08 00:26	6.03	90.5	25.79	2.66	-112.8	53250	8	12.17
1	2015-11-08 00:28	6.01	90.2	25.79	2.68	-112.7	53300	7	12.21
1	2015-11-08 00:30	6.02	90.3	25.78	2.69	-112.6	53180	0	12.17
1	2015-11-08 00:32	6.02	90.3	25.79	2.7	-112.6	53270	6	12.19
1	2015-11-08 00:34	6.01	90.2	25.78	2.72	-112.4	53360	10	12.19
1	2015-11-08 00:36	6.01	90.2	25.78	2.74	-112.3	53300	8	12.17
1	2015-11-08 00:38	6.01	90.1	25.78	2.76	-112.2	53340	11	12.16
1	2015-11-08 00:40	6	90.1	25.78	2.77	-112.2	53260	19	12.17
1	2015-11-08 00:42	5.99	89.8	25.77	2.79	-112	53260	17	12.17
1	2015-11-08 00:44	5.99	89.8	25.78	2.8	-112	53230	19	12.17
1	2015-11-08 00:46	5.99	89.8	25.77	2.82	-111.9	53250	20	12.16
1	2015-11-08 00:48	5.98	89.6	25.77	2.84	-111.8	53170	22	12.12
1	2015-11-08 00:50	5.97	89.6	25.76	2.85	-111.7	53210	13	12.12
1	2015-11-08 00:52	5.97	89.5	25.77	2.86	-111.6	53290	10	12.16
1	2015-11-08 00:54	5.96	89.3	25.76	2.88	-111.5	53190	11	12.12
1	2015-11-08 00:56	5.96	89.3	25.76	2.9	-111.4	53240	7	12.14
1	2015-11-08 00:58	5.95	89.2	25.76	2.91	-111.3	53280	5	12.12
1	2015-11-08 01:00	5.95	89.2	25.75	2.93	-111.3	53280	16	12.14
1	2015-11-08 01:02	5.94	89.1	25.75	2.94	-111.2	53350	12	12.14
1	2015-11-08 01:04	5.94	89.1	25.75	2.95	-111.1	53230	12	12.11
1	2015-11-08 01:06	5.95	89.2	25.75	2.97	-111	53330	13	12.04
1	2015-11-08 01:08	5.94	89	25.75	2.98	-111	53240	9	12.02
1	2015-11-08 01:10	5.94	89	25.74	3	-110.9	53270	8	12.11
1	2015-11-08 01:12	5.92	88.8	25.74	3.01	-110.8	53330	9	12.11
1	2015-11-08 01:14	5.92	88.8	25.74	3.03	-110.7	53330	4	12.09
1	2015-11-08 01:16	5.92	88.7	25.74	3.04	-110.6	53300	17	12.06
1	2015-11-08 01:18	5.91	88.6	25.74	3.06	-110.5	53250	9	12.09
1	2015-11-08 01:20	5.91	88.6	25.74	3.07	-110.4	53230	16	12.09
1	2015-11-08 01:22	5.9	88.5	25.74	3.08	-110.4	53260	13	12.07
1	2015-11-08 01:24	5.91	88.5	25.74	3.1	-110.3	53260	18	12.07
1	2015-11-08 01:26	5.91	88.6	25.74	3.11	-110.2	53210	15	12.04
1	2015-11-08 01:28	5.9	88.4	25.74	3.12	-110.1	53220	16	12.06
1	2015-11-08 01:30	5.9	88.4	25.73	3.13	-110.1	53250	17	12.07
1	2015-11-08 01:32	0	0	25.73	3.15	-110	53250	20	11.99
1	2015-11-08 01:34	5.89	88.3	25.73	3.16	-109.9	53320	14	12.06
1	2015-11-08 01:36	5.88	88.2	25.73	3.17	-109.9	53280	11	12.04
1	2015-11-08 01:38	5.89	88.2	25.73	3.18	-109.8	53260	20	12.07
1	2015-11-08 01:40	5.88	88.1	25.73	3.19	-109.7	53290	12	12.06
1	2015-11-08 01:42	5.88	88	25.72	3.21	-109.6	53270	18	12.06
1	2015-11-08 01:44	5.88	88.1	25.72	3.22	-109.6	53170	12	12.06
1	2015-11-08 01:46	5.86	87.9	25.72	3.23	-109.5	53310	10	12.04
1	2015-11-08 01:48	5.86	87.9	25.72	3.24	-109.4	53340	15	12.06
1	2015-11-08 01:50	5.86	87.9	25.72	3.26	-109.4	53260	17	12.04
1	2015-11-08 01:52	5.86	87.8	25.72	3.26	-109.3	53290	15	12.04
1	2015-11-08 01:54	5.85	87.6	25.72	3.28	-109.2	53320	17	12
1	2015-11-08 01:56	5.85	87.7	25.72	3.29	-109.2	53270	18	12.04
1	2015-11-08 01:58	5.85	87.7	25.72	3.3	-109.1	53260	18	12.04
1	2015-11-08 02:00	5.85	87.6	25.71	3.31	-109	53190	10	12.02
1	2015-11-08 02:02	5.84	87.5	25.71	3.33	-109	53340	19	12
1	2015-11-08 02:04	5.84	87.5	25.71	3.34	-108.9	53280	24	11.99
1	2015-11-08 02:06	5.84	87.4	25.71	3.35	-108.8	53260	28	12.02
1	2015-11-08 02:08	5.83	87.4	25.71	3.36	-108.8	53260	15	12.02
1	2015-11-08 02:10	5.83	87.4	25.71	3.37	-108.7	53330	22	11.99
1	2015-11-08 02:12	5.83	87.3	25.7	3.38	-108.7	53290	19	11.99
1	2015-11-08 02:14	5.82	87.2	25.7	3.39	-108.6	53340	22	12.02
1	2015-11-08 02:16	5.83	87.4	25.7	3.4	-108.5	53290	19	12
1	2015-11-08 02:18	5.83	87.3	25.7	3.42	-108.4	53350	25	11.99
1	2015-11-08 02:20	5.83	87.3	25.7	3.43	-108.4	53260	20	11.97
1	2015-11-08 02:22	5.82	87.2	25.7	3.43	-108.3	53300	15	11.97
1	2015-11-08 02:24	5.82	87.2	25.7	3.45	-108.2	53280	19	11.99
1	2015-11-08 02:26	5.82	87.1	25.7	3.46	-108.2	53200	16	11.97
1	2015-11-08 02:28	5.81	87.1	25.7	3.47	-108.1	53320	23	11.99
1	2015-11-08 02:30	5.81	87	25.7	3.48	-108.1	53250	28	11.97
1	2015-11-08 02:32	5.81	87	25.7	3.49	-108	53300	32	11.99
1	2015-11-08 02:34	5.8	86.9	25.7	3.5	-108	53200	14	11.97
1	2015-11-08 02:36	5.8	86.9	25.69	3.51	-107.9	53360	17	11.97
1	2015-11-08 02:38	5.8	86.9	25.69	3.51	-107.9	53310	17	11.97
1	2015-11-08 02:40	5.79	86.8	25.69	3.53	-107.8	53250	24	11.97
1	2015-11-08 02:42	5.8	86.9	25.69	3.54	-107.7	53190	22	11.94
1	2015-11-08 02:44	5.79	86.7	25.69	3.55	-107.7	53280	26	11.95
1	2015-11-08 02:46	5.79	86.7	25.69	3.56	-107.6	53280	23	11.94
1	2015-11-08 02:48	5.78	86.6	25.69	3.58	-107.5	53270	18	11.94
1	2015-11-08 02:50	5.79	86.8	25.69	3.58	-107.5	53380	23	11.92
1	2015-11-08 02:52	5.78	86.6	25.69	3.6	-107.4	53260	25	11.92
1	2015-11-08 02:54	5.78	86.5	25.69	3.61	-107.3	53250	20	11.97
1	2015-11-08 02:56	5.78	86.5	25.68	3.62	-107.3	53270	22	11.95
1	2015-11-08 02:58	5.77	86.3	25.69	3.63	-107.2	53300	31	11.95
1	2015-11-08 03:00	5.77	86.5	25.68	3.64	-107.2	53270	27	11.92
1	2015-11-08 03:02	5.78	86.5	25.68	3.65	-107.1	53370	29	11.9
1	2015-11-08 03:04	5.77	86.3	25.68	3.66	-107	53200	32	11.94
1	2015-11-08 03:06	5.77	86.3	25.68	3.67	-107	53270	25	11.95
1	2015-11-08 03:08	5.76	86.3	25.67	3.68	-106.9	53320	25	11.92
1	2015-11-08 03:10	5.76	86.3	25.68	3.68	-106.9	53310	31	11.9
1	2015-11-08 03:12	5.76	86.3	25.67	3.69	-106.8	53290	26	11.94
1	2015-11-08 03:14	5.76	86.3	25.67	3.69	-106.8	53340	30	11.9
1	2015-11-08 03:16	5.75	86.1	25.67	3.71	-106.8	53340	25	11.89
1	2015-11-08 03:18	5.76	86.2	25.67	3.72	-106.7	53240	32	11.77
1	2015-11-08 03:20	5.75	86.1	25.67	3.73	-106.6	53350	23	11.9
1	2015-11-08 03:22	5.75	86.1	25.67	3.73	-106.6	53320	22	11.92
1	2015-11-08 03:24	5.75	86.1	25.67	3.75	-106.5	53250	20	11.9
1	2015-11-08 03:26	5.75	86	25.67	3.76	-106.5	53230	30	11.82
1	2015-11-08 03:28	5.74	85.9	25.67	3.77	-106.4	53300	31	11.9
1	2015-11-08 03:30	5.74	85.9	25.67	3.78	-106.3	53340	27	11.89
1	2015-11-08 03:32	5.74	85.9	25.67	3.79	-106.3	53390	28	11.89
1	2015-11-08 03:34	5.74	85.9	25.67	3.8	-106.2	53300	25	11.87
1	2015-11-08 03:36	5.74	86	25.67	3.81	-106.2	53220	24	11.87
1	2015-11-08 03:38	5.75	86	25.67	3.81	-106.1	53240	20	11.9
1	2015-11-08 03:40	5.73	85.8	25.67	3.83	-106.1	53270	24	11.85
1	2015-11-08 03:42	5.73	85.8	25.67	3.83	-106	53270	27	11.87
1	2015-11-08 03:44	5.73	85.8	25.67	3.84	-106	53330	24	11.89
1	2015-11-08 03:46	5.72	85.7	25.67	3.86	-105.9	53310	24	11.89
1	2015-11-08 03:48	5.73	85.8	25.66	3.86	-105.9	53280	30	11.87
1	2015-11-08 03:50	5.73	85.7	25.67	3.87	-105.8	53240	30	11.87
1	2015-11-08 03:52	5.73	85.7	25.66	3.87	-105.8	53270	30	11.87
1	2015-11-08 03:54	5.72	85.6	25.66	3.89	-105.7	53290	34	11.82
1	2015-11-08 03:56	5.71	85.5	25.66	3.89	-105.7	53300	29	11.87
1	2015-11-08 03:58	5.71	85.5	25.66	3.9	-105.6	53320	34	11.87
1	2015-11-08 04:00	5.72	85.6	25.65	3.91	-105.6	53360	28	11.87
1	2015-11-08 04:02	5.71	85.4	25.64	3.92	-105.5	53230	27	11.87
1	2015-11-08 04:04	5.72	85.6	25.64	3.93	-105.5	53270	30	11.85
1	2015-11-08 04:06	5.71	85.5	25.64	3.94	-105.4	53300	29	11.83
1	2015-11-08 04:08	5.7	85.3	25.63	3.94	-105.4	53270	28	11.87
1	2015-11-08 04:10	5.7	85.2	25.62	3.95	-105.3	53320	30	11.83
1	2015-11-08 04:12	5.7	85.3	25.62	3.97	-105.3	53280	26	11.82
1	2015-11-08 04:14	5.71	85.3	25.61	3.98	-105.2	53170	36	11.83
1	2015-11-08 04:16	5.7	85.3	25.62	3.98	-105.2	53250	33	11.85
1	2015-11-08 04:18	5.69	85.1	25.61	3.99	-105.1	53240	28	11.82
1	2015-11-08 04:20	5.7	85.2	25.61	3.99	-105.1	53270	34	11.82
1	2015-11-08 04:22	5.69	85.2	25.6	4	-105	53240	34	11.83
1	2015-11-08 04:24	5.69	85.1	25.6	4.01	-105	53340	33	11.82
1	2015-11-08 04:26	5.69	85	25.6	4.01	-105	53310	32	11.83
1	2015-11-08 04:28	5.69	85.1	25.59	4.03	-104.9	53200	32	11.82
1	2015-11-08 04:30	5.7	85.2	25.59	4.03	-104.9	53230	35	11.82
1	2015-11-08 04:32	5.68	85	25.59	4.04	-104.9	53300	32	11.82
1	2015-11-08 04:34	5.69	85	25.59	4.05	-104.8	53230	32	11.83
1	2015-11-08 04:36	5.69	85.1	25.58	4.06	-104.8	53370	31	11.83
1	2015-11-08 04:38	5.68	84.9	25.58	4.07	-104.7	53250	32	11.82
1	2015-11-08 04:40	5.68	84.9	25.58	4.08	-104.6	53290	37	11.8
1	2015-11-08 04:42	5.68	85	25.58	4.09	-104.6	53280	34	11.82
1	2015-11-08 04:44	5.68	84.9	25.58	4.1	-104.5	53300	35	11.82
1	2015-11-08 04:46	5.68	84.9	25.58	4.11	-104.5	53210	35	11.8
1	2015-11-08 04:48	5.68	84.8	25.57	4.12	-104.4	53240	29	11.78
1	2015-11-08 04:50	5.67	84.8	25.57	4.13	-104.3	53260	31	11.82
1	2015-11-08 04:52	5.68	84.8	25.57	4.13	-104.3	53240	31	11.78
1	2015-11-08 04:54	5.67	84.7	25.57	4.14	-104.3	53280	31	11.8
1	2015-11-08 04:56	5.67	84.7	25.57	4.15	-104.2	53270	32	11.78
1	2015-11-08 04:58	5.67	84.8	25.57	4.16	-104.2	53320	34	11.73
1	2015-11-08 05:00	5.67	84.8	25.57	4.16	-104.1	53240	36	11.77
1	2015-11-08 05:02	5.67	84.7	25.57	4.17	-104.1	53210	36	11.77
1	2015-11-08 05:04	5.67	84.8	25.57	4.18	-104.1	53300	31	11.78
1	2015-11-08 05:06	5.67	84.7	25.56	4.19	-104	53240	33	11.8
1	2015-11-08 05:08	5.67	84.7	25.56	4.19	-104	53270	31	11.78
1	2015-11-08 05:10	5.67	84.8	25.56	4.19	-104	53290	33	11.77
1	2015-11-08 05:12	5.66	84.6	25.56	4.2	-103.9	53230	39	11.77
1	2015-11-08 05:14	5.66	84.6	25.56	4.21	-103.9	53310	35	11.78
1	2015-11-08 05:16	5.66	84.6	25.56	4.22	-103.8	53330	38	11.78
1	2015-11-08 05:18	5.66	84.5	25.56	4.23	-103.8	53300	35	11.77
1	2015-11-08 05:20	5.66	84.5	25.55	4.23	-103.7	53250	35	11.75
1	2015-11-08 05:22	5.66	84.6	25.55	4.24	-103.7	53180	38	11.77
1	2015-11-08 05:24	5.66	84.5	25.55	4.25	-103.6	53170	38	11.73
1	2015-11-08 05:26	5.66	84.6	25.55	4.26	-103.6	53260	36	11.77
1	2015-11-08 05:28	5.66	84.5	25.55	4.26	-103.5	53220	39	11.77
1	2015-11-08 05:30	5.66	84.5	25.54	4.27	-103.5	53230	37	11.73
1	2015-11-08 05:32	5.66	84.5	25.54	4.28	-103.5	53220	36	11.77
1	2015-11-08 05:34	5.65	84.4	25.54	4.29	-103.4	53220	38	11.73
1	2015-11-08 05:36	5.65	84.4	25.53	4.29	-103.4	53190	39	11.75
1	2015-11-08 05:38	5.65	84.4	25.53	4.3	-103.4	53230	39	11.77
1	2015-11-08 05:40	5.64	84.3	25.53	4.31	-103.3	53240	43	11.72
1	2015-11-08 05:42	5.65	84.4	25.53	4.31	-103.3	53220	39	11.73
1	2015-11-08 05:44	5.65	84.3	25.53	4.31	-103.3	53240	36	11.75
1	2015-11-08 05:46	5.65	84.3	25.52	4.31	-103.3	53220	39	11.73
1	2015-11-08 05:48	5.64	84.2	25.52	4.32	-103.2	53260	40	11.7
1	2015-11-08 05:50	5.64	84.2	25.52	4.33	-103.2	53240	37	11.73
1	2015-11-08 05:52	5.64	84.2	25.51	4.34	-103.1	53320	36	11.72
1	2015-11-08 05:54	5.64	84.2	25.51	4.35	-103.1	53190	38	11.73
1	2015-11-08 05:56	5.65	84.3	25.51	4.35	-103	53180	38	11.72
1	2015-11-08 05:58	5.64	84.3	25.5	4.36	-103	53280	42	11.75
1	2015-11-08 06:00	5.65	84.3	25.5	4.37	-102.9	53240	40	11.73
1	2015-11-08 06:02	5.63	84.1	25.5	4.38	-102.9	53250	39	11.73
1	2015-11-08 06:04	5.64	84.1	25.5	4.38	-102.9	53210	37	11.73
1	2015-11-08 06:06	5.64	84.2	25.5	4.39	-102.8	53190	38	11.73
1	2015-11-08 06:08	5.63	84	25.5	4.4	-102.8	53200	40	11.7
1	2015-11-08 06:10	5.64	84.1	25.49	4.41	-102.7	53240	39	11.68
1	2015-11-08 06:12	5.63	84	25.49	4.42	-102.6	53260	43	11.72
1	2015-11-08 06:14	5.63	84	25.49	4.42	-102.7	53260	40	11.68
1	2015-11-08 06:16	5.62	83.9	25.49	4.43	-102.6	53230	41	11.7
1	2015-11-08 06:18	5.63	84	25.49	4.43	-102.6	53190	38	11.7
1	2015-11-08 06:20	5.63	84	25.48	4.43	-102.6	53250	39	11.68
1	2015-11-08 06:22	5.63	84.1	25.48	4.43	-102.6	53260	41	11.72
1	2015-11-08 06:24	5.62	83.9	25.48	4.44	-102.5	53290	42	11.7
1	2015-11-08 06:26	5.63	84	25.48	4.45	-102.5	53260	41	11.7
1	2015-11-08 06:28	5.63	84	25.48	4.46	-102.4	53290	41	11.68
1	2015-11-08 06:30	5.62	83.9	25.48	4.46	-102.4	53270	41	11.72
1	2015-11-08 06:32	5.63	83.9	25.48	4.46	-102.4	53250	42	11.68
1	2015-11-08 06:34	5.62	83.9	25.47	4.47	-102.3	53250	42	11.66
1	2015-11-08 06:36	5.62	83.8	25.47	4.48	-102.3	53220	45	11.7
1	2015-11-08 06:38	5.62	83.8	25.47	4.49	-102.3	53250	41	11.68
1	2015-11-08 06:40	5.62	83.8	25.46	4.49	-102.2	53130	43	11.7
1	2015-11-08 06:42	5.61	83.7	25.47	4.5	-102.2	53330	41	11.66
1	2015-11-08 06:44	5.62	83.8	25.47	4.5	-102.2	53180	45	11.7
1	2015-11-08 06:46	5.61	83.7	25.46	4.5	-102.2	53210	43	11.7
1	2015-11-08 06:48	5.61	83.8	25.46	4.52	-102.1	53300	40	11.68
1	2015-11-08 06:50	5.61	83.7	25.46	4.52	-102.1	53350	41	11.66
1	2015-11-08 06:52	5.61	83.7	25.46	4.52	-102.1	53260	42	11.68
1	2015-11-08 06:54	5.6	83.6	25.45	4.53	-102	53300	43	11.66
1	2015-11-08 06:56	5.6	83.6	25.45	4.53	-102	53340	45	11.65
1	2015-11-08 06:58	5.61	83.7	25.45	4.54	-102	53300	44	11.66
1	2015-11-08 07:00	5.61	83.7	25.45	4.54	-101.9	53260	46	11.66
1	2015-11-08 07:02	5.6	83.6	25.45	4.56	-101.9	53250	44	11.65
1	2015-11-08 07:04	5.6	83.6	25.45	4.55	-101.9	53230	41	11.65
1	2015-11-08 07:06	5.6	83.6	25.45	4.56	-101.8	53320	43	11.66
1	2015-11-08 07:08	5.6	83.5	25.45	4.57	-101.8	53220	43	11.66
1	2015-11-08 07:10	5.6	83.6	25.45	4.57	-101.8	53260	43	11.65
1	2015-11-08 07:12	5.6	83.5	25.45	4.58	-101.8	53200	42	11.66
1	2015-11-08 07:14	5.6	83.4	25.45	4.58	-101.7	53250	45	11.65
1	2015-11-08 07:16	5.59	83.5	25.45	4.59	-101.7	53270	44	11.66
1	2015-11-08 07:18	5.6	83.5	25.45	4.59	-101.6	53240	42	11.66
1	2015-11-08 07:20	5.6	83.5	25.45	4.59	-101.7	53240	43	11.63
1	2015-11-08 07:22	5.59	83.4	25.45	4.6	-101.6	53340	44	11.65
1	2015-11-08 07:24	5.59	83.4	25.45	4.61	-101.6	53250	44	11.63
1	2015-11-08 07:26	5.6	83.5	25.45	4.62	-101.5	53260	45	11.65
1	2015-11-08 07:28	5.59	83.4	25.45	4.62	-101.5	53260	43	11.63
1	2015-11-08 07:30	5.59	83.4	25.45	4.63	-101.5	53220	43	11.63
1	2015-11-08 07:32	5.6	83.5	25.45	4.63	-101.4	53260	43	11.61
1	2015-11-08 07:34	5.6	83.5	25.45	4.63	-101.4	53260	43	11.63
1	2015-11-08 07:36	5.59	83.3	25.45	4.63	-101.4	53240	43	11.63
1	2015-11-08 07:38	5.59	83.4	25.45	4.64	-101.4	53210	45	11.61
1	2015-11-08 07:40	5.59	83.4	25.45	4.65	-101.3	53260	46	11.65
1	2015-11-08 07:42	5.59	83.4	25.45	4.65	-101.3	53240	45	11.61
1	2015-11-08 07:44	5.59	83.3	25.44	4.66	-101.3	53270	45	11.63
1	2015-11-08 07:46	5.59	83.3	25.44	4.66	-101.3	53180	44	11.63
1	2015-11-08 07:48	5.59	83.3	25.44	4.66	-101.3	53300	46	11.6
1	2015-11-08 07:50	5.59	83.3	25.44	4.67	-101.2	53250	45	11.63
1	2015-11-08 07:52	5.59	83.3	25.44	4.66	-101.3	53220	47	11.61
1	2015-11-08 07:54	5.59	83.3	25.43	4.67	-101.2	53190	49	11.6
1	2015-11-08 07:56	5.58	83.2	25.43	4.68	-101.1	53260	45	11.6
1	2015-11-08 07:58	5.58	83.1	25.43	4.68	-101.2	53200	46	11.63
1	2015-11-08 08:00	5.57	83.1	25.43	4.69	-101.1	53270	47	11.63
1	2015-11-08 08:02	5.58	83.1	25.42	4.69	-101.1	53240	48	11.58
1	2015-11-08 08:04	5.57	83.1	25.43	4.7	-101.1	53290	48	11.6
1	2015-11-08 08:06	5.57	83.1	25.42	4.7	-101	53270	46	11.61
1	2015-11-08 08:08	5.56	82.9	25.42	4.71	-101	53230	47	11.61
1	2015-11-08 08:10	5.57	83	25.42	4.71	-101	53200	46	11.63
1	2015-11-08 08:12	5.57	83	25.42	4.72	-100.9	53290	48	11.61
1	2015-11-08 08:14	5.56	82.9	25.42	4.73	-100.9	53230	49	11.61
1	2015-11-08 08:16	5.57	83	25.41	4.74	-100.8	53280	48	11.6
1	2015-11-08 08:18	5.56	82.9	25.41	4.74	-100.8	53290	49	11.6
1	2015-11-08 08:20	5.56	82.9	25.41	4.75	-100.8	53310	48	11.6
1	2015-11-08 08:22	5.56	82.8	25.41	4.76	-100.7	53240	46	11.58
1	2015-11-08 08:24	5.56	82.8	25.4	4.76	-100.7	53220	48	11.58
1	2015-11-08 08:26	5.56	82.9	25.4	4.77	-100.6	53260	47	11.58
1	2015-11-08 08:28	5.56	82.9	25.4	4.77	-100.6	53300	47	11.44
1	2015-11-08 08:30	5.56	82.9	25.4	4.78	-100.6	53270	47	11.56
1	2015-11-08 08:32	5.56	82.9	25.4	4.78	-100.6	53230	48	11.6
1	2015-11-08 08:34	5.55	82.8	25.4	4.78	-100.6	53340	49	11.56
1	2015-11-08 08:36	5.56	82.8	25.39	4.79	-100.5	53290	49	11.56
1	2015-11-08 08:38	5.55	82.7	25.38	4.79	-100.5	53240	46	11.58
1	2015-11-08 08:40	5.55	82.7	25.39	4.8	-100.5	53240	48	11.56
1	2015-11-08 08:42	5.56	82.8	25.38	4.8	-100.4	53240	46	11.58
1	2015-11-08 08:44	5.56	82.8	25.38	4.81	-100.4	53200	46	11.53
1	2015-11-08 08:46	5.54	82.6	25.37	4.81	-100.4	53210	46	11.56
1	2015-11-08 08:48	5.55	82.7	25.37	4.82	-100.4	53270	49	11.55
1	2015-11-08 08:50	5.54	82.5	25.37	4.82	-100.4	53260	48	11.55
1	2015-11-08 08:52	5.55	82.7	25.37	4.82	-100.3	53240	46	11.56
1	2015-11-08 08:54	5.56	82.7	25.36	4.82	-100.3	53220	47	11.55
1	2015-11-08 08:56	5.55	82.7	25.37	4.82	-100.3	53220	48	11.55
1	2015-11-08 08:58	5.55	82.6	25.36	4.82	-100.3	53300	47	11.56
1	2015-11-08 09:00	5.55	82.7	25.36	4.82	-100.3	53210	48	11.56
1	2015-11-08 09:02	5.55	82.6	25.35	4.83	-100.3	53220	48	11.55
1	2015-11-08 09:04	5.54	82.5	25.35	4.83	-100.3	53360	48	11.53
1	2015-11-08 09:06	5.55	82.7	25.35	4.84	-100.2	53230	48	11.53
1	2015-11-08 09:08	5.55	82.6	25.35	4.84	-100.2	53230	48	11.53
1	2015-11-08 09:10	5.54	82.6	25.35	4.84	-100.2	53260	48	11.51
1	2015-11-08 09:12	5.54	82.5	25.35	4.85	-100.2	53230	49	11.43
1	2015-11-08 09:14	5.54	82.4	25.34	4.85	-100.1	53320	50	11.53
1	2015-11-08 09:16	5.54	82.5	25.34	4.86	-100.1	53250	47	11.55
1	2015-11-08 09:18	5.54	82.4	25.34	4.87	-100.1	53170	49	11.55
1	2015-11-08 09:20	5.53	82.3	25.34	4.87	-100	53280	49	11.53
1	2015-11-08 09:22	5.53	82.4	25.33	4.88	-100	53240	48	11.53
1	2015-11-08 09:24	5.53	82.4	25.33	4.89	-100	53250	49	11.51
1	2015-11-08 09:26	5.53	82.2	25.33	4.89	-99.97	53210	48	11.51
1	2015-11-08 09:28	5.53	82.3	25.33	4.9	-99.91	53190	48	11.55
1	2015-11-08 09:30	5.53	82.3	25.32	4.91	-99.87	53210	48	11.53
1	2015-11-08 09:32	5.53	82.3	25.32	4.91	-99.86	53210	48	11.49
1	2015-11-08 09:34	5.53	82.3	25.32	4.91	-99.84	53140	49	11.53
1	2015-11-08 09:36	5.54	82.4	25.32	4.92	-99.82	53270	49	11.55
1	2015-11-08 09:38	5.52	82.2	25.32	4.92	-99.82	53280	50	11.53
1	2015-11-08 09:40	5.53	82.3	25.32	4.92	-99.8	53250	48	11.49
1	2015-11-08 09:42	5.52	82.2	25.31	4.93	-99.74	53330	48	11.53
1	2015-11-08 09:44	5.53	82.3	25.31	4.94	-99.71	53160	49	11.53
1	2015-11-08 09:46	5.53	82.2	25.31	4.94	-99.68	53280	50	11.49
1	2015-11-08 09:48	5.52	82.2	25.31	4.95	-99.64	53240	51	11.51
1	2015-11-08 09:50	5.52	82.2	25.3	4.95	-99.64	53240	48	11.49
1	2015-11-08 09:52	5.53	82.3	25.31	4.94	-99.68	53290	49	11.49
1	2015-11-08 09:54	5.52	82.1	25.3	4.95	-99.62	53190	51	11.53
1	2015-11-08 09:56	5.52	82.1	25.3	4.96	-99.59	53260	51	11.51
1	2015-11-08 09:58	5.52	82.2	25.3	4.96	-99.58	53210	50	11.49
1	2015-11-08 10:00	5.52	82.1	25.3	4.97	-99.53	53260	50	11.49
1	2015-11-08 10:02	5.52	82	25.29	4.97	-99.55	53200	51	11.48
1	2015-11-08 10:04	5.52	82.1	25.3	4.98	-99.5	53220	50	11.51
1	2015-11-08 10:06	5.51	82	25.29	4.98	-99.45	53230	52	11.46
1	2015-11-08 10:08	5.51	82	25.29	4.98	-99.44	53230	51	11.51
1	2015-11-08 10:10	5.52	82.1	25.29	5	-99.37	53210	52	11.48
1	2015-11-08 10:12	5.51	82	25.29	5	-99.37	53200	51	11.46
1	2015-11-08 10:14	5.52	82.2	25.29	5	-99.34	53270	50	11.51
1	2015-11-08 10:16	5.52	82	25.29	5	-99.34	53270	51	11.49
1	2015-11-08 10:18	5.51	82	25.29	5.01	-99.32	53190	50	11.48
1	2015-11-08 10:20	5.53	82.2	25.28	5.01	-99.28	53210	50	11.49
1	2015-11-08 10:22	5.53	82.2	25.28	5.01	-99.27	53180	50	11.49
1	2015-11-08 10:24	5.52	82.1	25.28	5.02	-99.22	53260	51	11.46
1	2015-11-08 10:26	5.53	82.2	25.27	5.02	-99.21	53260	50	11.46
1	2015-11-08 10:28	5.53	82.2	25.27	5.03	-99.19	53200	50	11.48
1	2015-11-08 10:30	5.53	82.3	25.27	5.03	-99.18	53220	50	11.48
1	2015-11-08 10:32	5.52	82	25.27	5.04	-99.14	53190	51	11.49
1	2015-11-08 10:34	5.52	82.1	25.27	5.04	-99.14	53260	51	11.46
1	2015-11-08 10:36	5.54	82.3	25.27	5.05	-99.05	53200	51	11.49
1	2015-11-08 10:38	5.54	82.4	25.27	5.06	-99	53270	49	11.44
1	2015-11-08 10:40	5.55	82.5	25.27	5.06	-99.01	53200	51	11.48
1	2015-11-08 10:42	5.55	82.5	25.27	5.07	-98.93	53230	51	11.48
1	2015-11-08 10:44	5.56	82.6	25.27	5.08	-98.91	53270	51	11.48
1	2015-11-08 10:46	5.56	82.6	25.27	5.08	-98.88	53210	50	11.48
1	2015-11-08 10:48	5.55	82.6	25.27	5.08	-98.88	53290	51	11.48
1	2015-11-08 10:50	5.55	82.5	25.27	5.09	-98.81	53220	52	11.46
1	2015-11-08 10:52	5.56	82.7	25.27	5.1	-98.79	53230	52	11.44
1	2015-11-08 10:54	5.57	82.8	25.27	5.1	-98.76	53230	51	11.46
1	2015-11-08 10:56	5.57	82.8	25.27	5.1	-98.76	53330	52	11.44
1	2015-11-08 10:58	5.57	82.9	25.27	5.11	-98.74	53310	52	11.46
1	2015-11-08 11:00	5.58	83	25.27	5.12	-98.69	53290	52	11.48
1	2015-11-08 11:02	5.58	83	25.27	5.12	-98.67	53150	52	11.44
1	2015-11-08 11:04	5.6	83.2	25.27	5.12	-98.66	53260	51	11.44
1	2015-11-08 11:06	5.59	83.1	25.27	5.13	-98.6	53300	52	11.44
1	2015-11-08 11:08	5.6	83.3	25.27	5.13	-98.6	53220	52	11.43
1	2015-11-08 11:10	5.6	83.3	25.27	5.13	-98.58	53250	52	11.46
1	2015-11-08 11:12	5.62	83.5	25.27	5.14	-98.55	53280	52	11.46
1	2015-11-08 11:14	5.62	83.5	25.27	5.15	-98.49	53180	52	11.43
1	2015-11-08 11:16	5.63	83.7	25.28	5.15	-98.49	53200	51	11.41
1	2015-11-08 11:18	5.63	83.7	25.28	5.15	-98.48	53260	53	11.43
1	2015-11-08 11:20	5.64	83.9	25.28	5.16	-98.44	53280	53	11.46
1	2015-11-08 11:22	5.64	83.8	25.28	5.17	-98.4	53190	52	11.41
1	2015-11-08 11:24	5.64	84	25.28	5.16	-98.41	53310	52	11.44
1	2015-11-08 11:26	5.65	84.1	25.28	5.17	-98.37	53240	51	11.43
1	2015-11-08 11:28	5.66	84.2	25.28	5.18	-98.35	53210	52	11.44
1	2015-11-08 11:30	5.66	84.2	25.28	5.18	-98.32	53240	53	11.44
1	2015-11-08 11:32	5.67	84.3	25.29	5.19	-98.29	53260	54	11.44
1	2015-11-08 11:34	5.68	84.5	25.29	5.18	-98.3	53280	53	11.44
1	2015-11-08 11:36	5.7	84.7	25.29	5.19	-98.26	53210	53	11.39
1	2015-11-08 11:38	5.69	84.6	25.29	5.19	-98.25	53220	54	11.44
1	2015-11-08 11:40	5.7	84.8	25.29	5.2	-98.21	53240	55	11.43
1	2015-11-08 11:42	5.71	85	25.3	5.21	-98.16	53300	52	11.41
1	2015-11-08 11:44	5.74	85.3	25.31	5.21	-98.15	53180	54	11.43
1	2015-11-08 11:46	5.75	85.5	25.31	5.21	-98.15	53290	53	11.41
1	2015-11-08 11:48	5.76	85.8	25.32	5.22	-98.11	53220	52	11.43
1	2015-11-08 11:50	5.78	86	25.33	5.22	-98.07	53190	54	11.43
1	2015-11-08 11:52	5.78	86.1	25.34	5.23	-98.05	53320	53	11.41
1	2015-11-08 11:54	5.79	86.3	25.34	5.23	-98.02	53340	54	11.39
1	2015-11-08 11:56	5.82	86.7	25.35	5.25	-97.93	53210	55	11.39
1	2015-11-08 11:58	5.84	87	25.36	5.25	-97.93	53230	55	11.41
1	2015-11-08 12:00	5.84	87	25.37	5.26	-97.88	53270	55	11.43
1	2015-11-08 12:02	5.85	87.2	25.37	5.26	-97.88	53330	53	11.43
1	2015-11-08 12:04	5.87	87.5	25.38	5.28	-97.77	53290	55	11.41
1	2015-11-08 12:06	5.89	87.7	25.37	5.27	-97.81	53260	53	11.41
1	2015-11-08 12:08	5.89	87.8	25.38	5.27	-97.79	53290	55	11.41
1	2015-11-08 12:10	5.91	88	25.39	5.28	-97.74	53300	54	11.39
1	2015-11-08 12:12	5.92	88.3	25.4	5.28	-97.73	53280	55	11.38
1	2015-11-08 12:14	5.93	88.4	25.41	5.29	-97.71	53200	55	11.41
1	2015-11-08 12:16	5.94	88.6	25.42	5.29	-97.68	53280	55	11.41
1	2015-11-08 12:18	5.96	88.8	25.42	5.3	-97.65	53200	56	11.41
1	2015-11-08 12:20	5.96	88.8	25.43	5.3	-97.65	53310	56	11.41
1	2015-11-08 12:22	5.98	89.2	25.44	5.31	-97.57	53250	56	11.39
1	2015-11-08 12:24	6	89.4	25.45	5.31	-97.55	53230	55	11.41
1	2015-11-08 12:26	6.02	89.8	25.45	5.32	-97.55	53280	55	11.39
1	2015-11-08 12:28	6.03	90	25.46	5.32	-97.54	53290	56	11.39
1	2015-11-08 12:30	6.03	90	25.47	5.33	-97.49	53340	57	11.39
1	2015-11-08 12:32	6.05	90.3	25.48	5.33	-97.49	53240	55	11.38
1	2015-11-08 12:34	6.06	90.4	25.48	5.33	-97.46	53380	56	11.39
1	2015-11-08 12:36	6.07	90.6	25.49	5.34	-97.41	53220	57	11.39
1	2015-11-08 12:38	6.09	90.9	25.51	5.35	-97.38	53130	57	11.38
1	2015-11-08 12:40	6.11	91.3	25.52	5.35	-97.36	53340	55	11.39
1	2015-11-08 12:42	6.13	91.6	25.53	5.35	-97.36	53240	57	11.39
1	2015-11-08 12:44	6.16	92	25.55	5.36	-97.3	53200	57	11.38
1	2015-11-08 12:46	6.17	92.1	25.55	5.37	-97.26	53280	58	11.38
1	2015-11-08 12:48	6.18	92.3	25.56	5.37	-97.24	53340	58	11.38
1	2015-11-08 12:50	6.19	92.5	25.57	5.38	-97.18	53220	57	11.38
1	2015-11-08 12:52	6.21	92.8	25.59	5.38	-97.2	53240	58	11.39
1	2015-11-08 12:54	6.23	93.1	25.61	5.39	-97.11	53320	58	11.39
1	2015-11-08 12:56	6.23	93.2	25.64	5.4	-97.08	53260	57	11.38
1	2015-11-08 12:58	6.27	93.8	25.63	5.4	-97.08	53250	57	11.38
1	2015-11-08 13:00	6.28	93.9	25.64	5.41	-97.04	53250	58	11.38
1	2015-11-08 13:02	6.28	94	25.66	5.41	-97	53340	58	11.39
1	2015-11-08 13:04	6.3	94.3	25.67	5.42	-96.93	53230	58	11.36
1	2015-11-08 13:06	6.33	94.8	25.68	5.43	-96.88	53340	57	11.38
1	2015-11-08 13:08	6.35	95.1	25.69	5.44	-96.81	53300	57	11.34
1	2015-11-08 13:10	6.38	95.5	25.7	5.45	-96.77	53290	56	11.36
1	2015-11-08 13:12	6.38	95.6	25.73	5.45	-96.76	53370	57	11.38
1	2015-11-08 13:14	6.41	96	25.73	5.46	-96.71	53300	57	11.36
1	2015-11-08 13:16	6.4	96	25.75	5.47	-96.67	53310	57	11.38
1	2015-11-08 13:18	6.45	96.7	25.77	5.48	-96.63	53280	57	11.38
1	2015-11-08 13:20	6.45	96.8	25.78	5.49	-96.57	53380	58	11.36
1	2015-11-08 13:22	6.48	97.3	25.78	5.49	-96.56	53290	58	11.36
1	2015-11-08 13:24	6.5	97.5	25.8	5.49	-96.55	53370	59	11.34
1	2015-11-08 13:26	6.51	97.7	25.81	5.5	-96.51	53270	59	11.36
1	2015-11-08 13:28	6.52	98	25.82	5.5	-96.5	53370	58	11.38
1	2015-11-08 13:30	6.56	98.5	25.84	5.51	-96.45	53370	58	11.36
1	2015-11-08 13:32	6.58	98.8	25.84	5.51	-96.45	53330	57	11.36
1	2015-11-08 13:34	6.6	99.1	25.85	5.51	-96.46	53360	58	11.34
1	2015-11-08 13:36	6.63	99.6	25.87	5.51	-96.43	53400	59	11.36
1	2015-11-08 13:38	6.64	99.7	25.89	5.52	-96.37	53240	59	11.34
1	2015-11-08 13:40	6.65	100	25.89	5.53	-96.34	53350	59	11.33
1	2015-11-08 13:42	6.67	100.3	25.91	5.54	-96.3	53350	59	11.33
1	2015-11-08 13:44	6.69	100.6	25.9	5.54	-96.28	53350	60	11.33
1	2015-11-08 13:46	6.7	100.8	25.9	5.54	-96.26	53330	60	11.33
