SENS_ID	SDN	TC	COND	O2	O2satper	pHinsitu	ORP	Vbatt	VpH
3	2015-11-10 19:42	25.39	64.2	8.44	103	7.75	277	11.04	-39.97
3	2015-11-10 19:44	26.82	54760	7	107.5	8.31	283	11.07	-73.19
3	2015-11-10 19:46	26.84	54820	7.16	110	8.31	256	11.07	-73.05
3	2015-11-10 19:48	26.85	54740	7.24	111.3	8.31	249	11.07	-72.88
3	2015-11-10 19:50	26.83	54740	7.29	112	8.3	248	11.05	-72.71
3	2015-11-10 19:52	26.83	54620	7.32	112.4	8.3	248	11.07	-72.51
3	2015-11-10 19:54	26.82	54760	7.31	112.2	8.3	247	11.05	-72.57
3	2015-11-10 19:56	26.84	54740	7.3	112.1	8.3	246	11.05	-72.46
3	2015-11-10 19:58	26.83	54780	7.28	111.9	8.3	247	11.04	-72.38
3	2015-11-10 20:00	26.82	54820	7.26	111.5	8.3	245	11.07	-72.3
3	2015-11-10 20:02	26.83	54840	7.24	111.2	8.3	245	11.05	-72.2
3	2015-11-10 20:04	26.83	54790	7.21	110.7	8.29	246	11.05	-72.18
3	2015-11-10 20:06	26.81	54830	7.18	110.3	8.29	246	11.05	-72.08
3	2015-11-10 20:08	26.8	54890	7.16	110	8.29	247	11.05	-71.97
3	2015-11-10 20:10	26.8	54800	7.13	109.5	8.29	247	11.05	-71.89
3	2015-11-10 20:12	26.81	54880	7.1	109	8.29	245	11.05	-71.78
3	2015-11-10 20:14	26.81	54650	7.09	108.8	8.29	246	11.04	-71.73
3	2015-11-10 20:16	26.8	54820	7.06	108.5	8.29	245	11.02	-71.68
3	2015-11-10 20:18	26.8	54830	7.05	108.2	8.28	246	11.05	-71.62
3	2015-11-10 20:20	26.79	54750	7.02	107.7	8.28	246	11.02	-71.42
3	2015-11-10 20:22	26.79	54680	6.99	107.2	8.28	246	11.05	-71.22
3	2015-11-10 20:24	26.78	54740	6.95	106.6	8.28	245	11.04	-71.23
3	2015-11-10 20:26	26.78	54790	6.91	106.1	8.28	246	11.04	-71.09
3	2015-11-10 20:28	26.78	54810	6.87	105.5	8.27	246	11.02	-71.01
3	2015-11-10 20:30	26.74	54750	6.82	104.6	8.27	249	11.02	-70.75
3	2015-11-10 20:32	26.74	54690	6.76	103.6	8.27	249	11.05	-70.48
3	2015-11-10 20:34	26.74	54820	6.72	103.1	8.27	248	11.05	-70.43
3	2015-11-10 20:36	26.73	54670	6.7	102.7	8.27	249	11.02	-70.48
3	2015-11-10 20:38	26.72	54650	6.67	102.2	8.27	248	11.04	-70.4
3	2015-11-10 20:40	26.72	54780	6.65	102	8.27	248	11.04	-70.37
3	2015-11-10 20:42	26.71	54750	6.65	101.8	8.27	249	11.02	-70.48
3	2015-11-10 20:44	26.71	54780	6.63	101.6	8.26	249	11.02	-70.37
3	2015-11-10 20:46	26.71	54920	6.61	101.3	8.26	248	11	-70.36
3	2015-11-10 20:48	26.7	54730	6.58	100.9	8.26	249	11.02	-70.3
3	2015-11-10 20:50	26.7	54740	6.56	100.4	8.26	248	11.02	-70.24
3	2015-11-10 20:52	26.69	54910	6.54	100.3	8.26	248	11.04	-70.25
3	2015-11-10 20:54	26.68	54790	6.52	100	8.26	249	11	-70.18
3	2015-11-10 20:56	26.67	54820	6.5	99.6	8.26	249	11.04	-70.16
3	2015-11-10 20:58	26.67	54840	6.46	99	8.26	251	11.02	-69.94
3	2015-11-10 21:00	26.66	54800	6.42	98.4	8.26	251	10.97	-69.88
3	2015-11-10 21:02	26.64	54760	6.41	98.1	8.25	250	10.99	-69.66
3	2015-11-10 21:04	26.63	54630	6.38	97.6	8.25	251	11	-69.58
3	2015-11-10 21:06	26.62	54790	6.33	96.9	8.25	253	11	-69.46
3	2015-11-10 21:08	26.62	54950	6.27	96.1	8.25	254	10.99	-69.3
3	2015-11-10 21:10	26.62	54800	6.26	95.8	8.25	253	10.99	-69.22
3	2015-11-10 21:12	26.61	54750	6.24	95.4	8.25	253	11	-69.2
3	2015-11-10 21:14	26.6	54830	6.22	95.1	8.24	252	10.97	-69.17
3	2015-11-10 21:16	26.59	54700	6.23	95.2	8.25	252	10.99	-69.2
3	2015-11-10 21:18	26.59	54700	6.25	95.6	8.25	252	10.97	-69.21
3	2015-11-10 21:20	26.59	54670	6.25	95.6	8.25	252	10.99	-69.25
3	2015-11-10 21:22	26.58	54760	6.24	95.4	8.24	251	10.99	-69.12
3	2015-11-10 21:24	26.58	54720	6.25	95.5	8.24	252	10.99	-69.1
3	2015-11-10 21:26	26.59	54780	6.25	95.6	8.24	254	10.99	-69.04
3	2015-11-10 21:28	26.58	54760	6.22	95.1	8.24	255	11.02	-68.99
3	2015-11-10 21:30	26.57	54710	6.19	94.7	8.24	255	10.97	-68.85
3	2015-11-10 21:32	26.57	54750	6.17	94.3	8.24	254	10.99	-68.78
3	2015-11-10 21:34	26.57	54720	6.12	93.5	8.24	254	11	-68.73
3	2015-11-10 21:36	26.51	54740	6.1	93.1	8.24	255	10.99	-68.91
3	2015-11-10 21:38	26.47	54660	6.13	93.5	8.24	255	11	-69.01
3	2015-11-10 21:40	26.45	54620	6.2	94.6	8.25	256	10.99	-69.23
3	2015-11-10 21:42	26.45	54790	6.28	95.8	8.25	256	10.97	-69.4
3	2015-11-10 21:44	26.45	54680	6.33	96.6	8.25	255	10.99	-69.54
3	2015-11-10 21:46	26.44	54660	6.37	97.2	8.25	255	10.99	-69.5
3	2015-11-10 21:48	26.44	54810	6.4	97.7	8.25	256	10.99	-69.45
3	2015-11-10 21:50	26.45	54780	6.4	97.6	8.25	257	11	-69.4
3	2015-11-10 21:52	26.46	54800	6.41	97.9	8.25	256	10.99	-69.47
3	2015-11-10 21:54	26.46	54670	6.41	97.8	8.25	257	10.95	-69.41
3	2015-11-10 21:56	26.45	54830	6.41	97.9	8.25	257	10.99	-69.37
3	2015-11-10 21:58	26.47	54710	6.41	97.8	8.25	257	10.97	-69.38
3	2015-11-10 22:00	26.46	54650	6.43	98	8.25	258	10.99	-69.44
3	2015-11-10 22:02	26.47	54580	6.43	98.1	8.25	257	10.99	-69.45
3	2015-11-10 22:04	26.47	54790	6.42	98.1	8.25	258	10.95	-69.45
3	2015-11-10 22:06	26.46	54720	6.43	98.2	8.25	258	10.99	-69.36
3	2015-11-10 22:08	26.47	54820	6.42	98	8.25	259	10.99	-69.23
3	2015-11-10 22:10	26.47	54710	6.41	97.9	8.25	259	10.99	-69.3
3	2015-11-10 22:12	26.48	54800	6.42	98	8.25	259	10.95	-69.35
3	2015-11-10 22:14	26.48	54660	6.43	98.2	8.25	260	10.97	-69.4
3	2015-11-10 22:16	26.48	54730	6.43	98.1	8.25	260	10.99	-69.37
3	2015-11-10 22:18	26.47	54740	6.43	98.2	8.25	260	10.99	-69.52
3	2015-11-10 22:20	26.47	54850	6.45	98.5	8.25	261	10.99	-69.54
3	2015-11-10 22:22	26.46	54720	6.46	98.5	8.25	261	10.97	-69.45
3	2015-11-10 22:24	26.46	54820	6.45	98.4	8.25	261	10.95	-69.37
3	2015-11-10 22:26	26.46	54730	6.43	98.1	8.25	262	10.95	-69.31
3	2015-11-10 22:28	26.46	54740	6.43	98.2	8.25	262	10.97	-69.39
3	2015-11-10 22:30	26.46	54850	6.43	98.2	8.25	262	10.95	-69.37
3	2015-11-10 22:32	26.47	54670	6.43	98.1	8.25	263	10.95	-69.35
3	2015-11-10 22:34	26.47	54760	6.41	97.9	8.25	264	10.97	-69.36
3	2015-11-10 22:36	26.46	54780	6.41	97.8	8.25	263	10.93	-69.27
3	2015-11-10 22:38	26.46	54700	6.41	97.8	8.25	263	10.95	-69.24
3	2015-11-10 22:40	26.45	54760	6.4	97.6	8.25	264	10.97	-69.2
3	2015-11-10 22:42	26.45	54800	6.39	97.5	8.25	264	10.95	-69.21
3	2015-11-10 22:44	26.44	54760	6.38	97.3	8.25	265	10.95	-69.23
3	2015-11-10 22:46	26.43	54720	6.39	97.5	8.25	264	10.95	-69.2
3	2015-11-10 22:48	26.4	54920	6.38	97.4	8.25	265	10.95	-69.16
3	2015-11-10 22:50	26.41	54610	6.39	97.4	8.25	264	10.93	-69.11
3	2015-11-10 22:52	26.38	54660	6.37	97.1	8.24	265	10.92	-69.03
3	2015-11-10 22:54	26.37	54680	6.35	96.7	8.24	267	10.95	-68.92
3	2015-11-10 22:56	26.38	54680	6.33	96.4	8.24	266	10.93	-68.83
3	2015-11-10 22:58	26.35	54870	6.31	96.1	8.24	266	10.93	-68.88
3	2015-11-10 23:00	26.35	54850	6.31	96.1	8.24	266	10.95	-68.84
3	2015-11-10 23:02	26.35	54730	6.3	96	8.24	267	10.92	-68.76
3	2015-11-10 23:04	26.35	54710	6.28	95.6	8.24	267	10.95	-68.59
3	2015-11-10 23:06	26.36	54730	6.25	95.2	8.23	267	10.95	-68.45
3	2015-11-10 23:08	26.35	54680	6.22	94.7	8.23	268	10.95	-68.33
3	2015-11-10 23:10	26.36	54710	6.18	94.2	8.23	269	10.95	-68.14
3	2015-11-10 23:12	26.36	54780	6.13	93.5	8.23	269	10.88	-68.05
3	2015-11-10 23:14	26.36	54700	6.09	92.8	8.23	269	10.93	-67.96
3	2015-11-10 23:16	26.36	54790	6.07	92.5	8.23	270	10.93	-68.06
3	2015-11-10 23:18	26.35	54710	6.06	92.3	8.23	269	10.95	-67.99
3	2015-11-10 23:20	26.31	54650	6.05	92.1	8.23	270	10.95	-68.05
3	2015-11-10 23:22	26.33	54760	6.04	92	8.23	270	10.92	-67.94
3	2015-11-10 23:24	26.37	54780	6.05	92.3	8.23	269	10.95	-68.09
3	2015-11-10 23:26	26.37	54850	6.09	92.9	8.23	269	10.92	-68.37
3	2015-11-10 23:28	26.37	54820	6.12	93.3	8.23	269	10.92	-68.48
3	2015-11-10 23:30	26.37	54760	6.12	93.2	8.23	271	10.92	-68.34
3	2015-11-10 23:32	26.37	54740	6.1	93	8.23	271	10.92	-68.22
3	2015-11-10 23:34	26.38	54600	6.09	92.8	8.23	270	10.93	-68.2
3	2015-11-10 23:36	26.39	54850	6.12	93.3	8.23	271	10.93	-68.42
3	2015-11-10 23:38	26.39	54790	6.14	93.6	8.23	272	10.93	-68.44
3	2015-11-10 23:40	26.4	54680	6.16	93.9	8.23	273	10.92	-68.45
3	2015-11-10 23:42	26.39	54630	6.17	94	8.23	272	10.95	-68.43
3	2015-11-10 23:44	26.39	54700	6.17	94.1	8.23	274	10.92	-68.45
3	2015-11-10 23:46	26.38	54870	6.15	93.8	8.23	274	10.93	-68.24
3	2015-11-10 23:48	26.38	54820	6.1	93	8.23	274	10.93	-67.97
3	2015-11-10 23:50	26.38	54690	6.06	92.3	8.22	273	10.93	-67.87
3	2015-11-10 23:52	26.38	54690	6.02	91.7	8.22	274	10.9	-67.81
3	2015-11-10 23:54	26.38	54640	6	91.4	8.22	274	10.92	-67.88
3	2015-11-10 23:56	26.38	54720	6.02	91.8	8.23	274	10.92	-68.09
3	2015-11-10 23:58	26.38	54670	6.06	92.4	8.23	274	10.92	-68.24
3	2015-11-11 00:00	26.37	54770	6.09	92.8	8.23	275	10.9	-68.34
3	2015-11-11 00:02	26.37	54780	6.11	93.2	8.23	275	10.85	-68.34
3	2015-11-11 00:04	26.38	54720	6.13	93.4	8.23	275	10.92	-68.31
3	2015-11-11 00:06	26.38	54820	6.14	93.6	8.23	275	10.88	-68.3
3	2015-11-11 00:08	26.38	54760	6.14	93.5	8.23	275	10.92	-68.22
3	2015-11-11 00:10	26.35	54700	6.13	93.4	8.23	275	10.92	-68.21
3	2015-11-11 00:12	26.35	54740	6.11	93.1	8.23	275	10.92	-68.09
3	2015-11-11 00:14	26.35	54690	6.09	92.8	8.23	275	10.92	-68.01
3	2015-11-11 00:16	26.35	54680	6.08	92.5	8.23	275	10.92	-67.98
3	2015-11-11 00:18	26.35	54800	6.06	92.3	8.23	275	10.9	-67.97
3	2015-11-11 00:20	26.34	54760	6.04	92	8.22	276	10.9	-67.84
3	2015-11-11 00:22	26.34	54740	6.03	91.8	8.22	276	10.9	-67.82
3	2015-11-11 00:24	26.35	54780	6.01	91.6	8.22	277	10.92	-67.76
3	2015-11-11 00:26	26.35	54780	6.03	91.9	8.23	278	10.92	-67.87
3	2015-11-11 00:28	26.35	54690	6.04	91.9	8.23	278	10.92	-67.95
3	2015-11-11 00:30	26.35	54770	6.03	91.9	8.22	278	10.88	-67.81
3	2015-11-11 00:32	26.35	54690	6.02	91.8	8.22	278	10.92	-67.78
3	2015-11-11 00:34	26.34	54640	6.02	91.7	8.22	279	10.92	-67.68
3	2015-11-11 00:36	26.34	54630	6.01	91.6	8.22	279	10.88	-67.65
3	2015-11-11 00:38	26.34	54890	6	91.4	8.22	279	10.88	-67.56
3	2015-11-11 00:40	26.33	54630	5.99	91.2	8.22	280	10.92	-67.44
3	2015-11-11 00:42	26.33	54740	5.97	90.9	8.22	279	10.88	-67.37
3	2015-11-11 00:44	26.31	54780	5.94	90.5	8.22	279	10.92	-67.28
3	2015-11-11 00:46	26.29	54650	5.92	90.1	8.21	279	10.9	-67.21
3	2015-11-11 00:48	26.3	54740	5.88	89.5	8.21	280	10.88	-67.05
3	2015-11-11 00:50	26.24	54700	5.86	89.2	8.21	281	10.9	-66.94
3	2015-11-11 00:52	26.21	54650	5.82	88.4	8.2	281	10.88	-66.7
3	2015-11-11 00:54	26.21	54760	5.78	87.9	8.2	281	10.92	-66.53
3	2015-11-11 00:56	26.21	54610	5.76	87.5	8.2	282	10.92	-66.53
3	2015-11-11 00:58	26.23	54630	5.74	87.2	8.2	282	10.88	-66.55
3	2015-11-11 01:00	26.23	54790	5.72	86.9	8.2	282	10.88	-66.55
3	2015-11-11 01:02	26.22	54530	5.71	86.7	8.2	282	10.88	-66.57
3	2015-11-11 01:04	26.21	54810	5.7	86.6	8.2	282	10.92	-66.57
3	2015-11-11 01:06	26.21	54590	5.7	86.5	8.2	283	10.88	-66.49
3	2015-11-11 01:08	26.21	54650	5.69	86.4	8.2	283	10.92	-66.48
3	2015-11-11 01:10	26.21	54650	5.68	86.3	8.2	283	10.9	-66.47
3	2015-11-11 01:12	26.19	54780	5.66	86.1	8.2	283	10.92	-66.37
3	2015-11-11 01:14	26.18	54630	5.64	85.6	8.2	283	10.88	-66.22
3	2015-11-11 01:16	26.17	54630	5.63	85.5	8.18	284	10.83	-65.51
3	2015-11-11 01:18	26.21	54660	5.61	85.2	8.19	284	10.88	-65.58
3	2015-11-11 01:20	26.19	54610	5.61	85.2	8.19	284	10.83	-65.73
3	2015-11-11 01:22	26.19	54780	5.64	85.7	8.19	285	10.83	-65.93
3	2015-11-11 01:24	26.19	54770	5.68	86.4	8.19	284	10.85	-66.02
3	2015-11-11 01:26	26.15	54590	5.75	87.3	8.2	285	10.87	-66.33
3	2015-11-11 01:28	26.12	54610	5.82	88.2	8.2	285	10.87	-66.56
3	2015-11-11 01:30	26.08	54390	5.86	88.7	8.21	285	10.87	-66.62
3	2015-11-11 01:32	26.03	54430	5.86	88.7	8.21	286	10.76	-66.72
3	2015-11-11 01:34	26	54340	5.86	88.6	8.21	286	10.85	-66.71
3	2015-11-11 01:36	25.99	54410	5.85	88.5	8.21	286	10.83	-66.63
3	2015-11-11 01:38	25.95	54260	5.88	88.8	8.21	286	10.87	-66.86
3	2015-11-11 01:40	25.93	54160	5.92	89.3	8.21	286	10.87	-67.08
3	2015-11-11 01:42	25.89	54240	5.95	89.7	8.22	286	10.87	-67.28
3	2015-11-11 01:44	25.88	54180	5.99	90.3	8.22	285	10.87	-67.41
3	2015-11-11 01:46	25.86	54070	6.03	90.9	8.22	286	10.87	-67.5
3	2015-11-11 01:48	25.85	54150	6.06	91.3	8.23	286	10.85	-67.73
3	2015-11-11 01:50	25.86	54210	6.08	91.6	8.22	285	10.85	-67.64
3	2015-11-11 01:52	25.85	54170	6.08	91.6	8.22	286	10.87	-67.61
3	2015-11-11 01:54	25.84	54200	6.09	91.8	8.22	287	10.76	-67.58
3	2015-11-11 01:56	25.84	54140	6.1	91.9	8.22	287	10.82	-67.61
3	2015-11-11 01:58	25.84	54110	6.13	92.3	8.23	288	10.87	-67.73
3	2015-11-11 02:00	25.84	54120	6.14	92.5	8.23	288	10.85	-67.75
3	2015-11-11 02:02	25.84	54140	6.16	92.8	8.23	288	10.83	-67.87
3	2015-11-11 02:04	25.84	54160	6.16	92.8	8.23	288	10.82	-67.75
3	2015-11-11 02:06	25.84	54010	6.17	92.8	8.23	289	10.85	-67.79
3	2015-11-11 02:08	25.85	54030	6.17	92.9	8.23	288	10.83	-67.78
3	2015-11-11 02:10	25.85	54170	6.15	92.7	8.23	288	10.82	-67.71
3	2015-11-11 02:12	25.85	54100	6.15	92.6	8.23	290	10.85	-67.65
3	2015-11-11 02:14	25.86	54040	6.13	92.4	8.22	288	10.82	-67.53
3	2015-11-11 02:16	25.86	54000	6.1	91.9	8.22	289	10.83	-67.44
3	2015-11-11 02:18	25.85	54140	6.07	91.5	8.22	289	10.82	-67.36
3	2015-11-11 02:20	25.84	54070	6.06	91.3	8.22	290	10.83	-67.44
3	2015-11-11 02:22	25.83	54120	6.07	91.4	8.22	291	10.85	-67.63
3	2015-11-11 02:24	25.82	54040	6.08	91.5	8.22	290	10.83	-67.53
3	2015-11-11 02:26	25.81	54030	6.08	91.5	8.22	290	10.85	-67.5
3	2015-11-11 02:28	25.8	54020	6.08	91.6	8.22	289	10.82	-67.49
3	2015-11-11 02:30	25.8	54120	6.08	91.6	8.22	290	10.82	-67.54
3	2015-11-11 02:32	25.79	53950	6.1	91.7	8.22	290	10.85	-67.53
3	2015-11-11 02:34	25.79	54070	6.1	91.8	8.22	291	10.82	-67.45
3	2015-11-11 02:36	25.8	53920	6.1	91.8	8.22	291	10.82	-67.46
3	2015-11-11 02:38	25.8	54010	6.1	91.8	8.22	292	10.82	-67.5
3	2015-11-11 02:40	25.8	54060	6.11	91.9	8.22	292	10.8	-67.49
3	2015-11-11 02:42	25.8	54080	6.11	92	8.22	292	10.82	-67.48
3	2015-11-11 02:44	25.79	54010	6.11	92	8.22	293	10.83	-67.48
3	2015-11-11 02:46	25.8	54050	6.11	92	8.22	293	10.82	-67.46
3	2015-11-11 02:48	25.8	53960	6.11	91.9	8.22	293	10.85	-67.38
3	2015-11-11 02:50	25.8	54010	6.1	91.7	8.22	293	10.82	-67.38
3	2015-11-11 02:52	25.8	54020	6.09	91.7	8.22	292	10.83	-67.4
3	2015-11-11 02:54	25.8	53960	6.11	91.9	8.22	293	10.83	-67.44
3	2015-11-11 02:56	25.8	54070	6.1	91.9	8.22	293	10.83	-67.42
3	2015-11-11 02:58	25.81	53930	6.1	91.8	8.22	292	10.82	-67.32
3	2015-11-11 03:00	25.81	54070	6.1	91.9	8.22	293	10.85	-67.38
3	2015-11-11 03:02	25.81	53970	6.1	91.8	8.22	294	10.82	-67.41
3	2015-11-11 03:04	25.81	53940	6.1	91.9	8.22	293	10.82	-67.32
3	2015-11-11 03:06	25.82	54040	6.1	91.8	8.22	293	10.8	-67.28
3	2015-11-11 03:08	25.82	53960	6.09	91.7	8.22	292	10.8	-67.26
3	2015-11-11 03:10	25.82	54070	6.07	91.3	8.22	293	10.82	-67.15
3	2015-11-11 03:12	25.82	54040	6.05	91.1	8.22	293	10.8	-67.11
3	2015-11-11 03:14	25.82	54030	6.03	90.9	8.21	294	10.82	-66.93
3	2015-11-11 03:16	25.81	54030	6.01	90.5	8.21	295	10.83	-66.82
3	2015-11-11 03:18	25.8	54080	6	90.3	8.21	296	10.82	-66.68
3	2015-11-11 03:20	25.79	54020	5.98	90	8.21	295	10.78	-66.53
3	2015-11-11 03:22	25.79	53940	5.96	89.7	8.2	296	10.82	-66.4
3	2015-11-11 03:24	25.79	54050	5.94	89.5	8.2	296	10.78	-66.32
3	2015-11-11 03:26	25.8	54090	5.93	89.2	8.2	296	10.82	-66.24
3	2015-11-11 03:28	25.8	54110	5.91	89	8.2	296	10.8	-66.23
3	2015-11-11 03:30	25.8	54140	5.9	88.8	8.2	296	10.83	-66.28
3	2015-11-11 03:32	25.8	54100	5.87	88.4	8.2	297	10.8	-66.16
3	2015-11-11 03:34	25.81	54030	5.85	88	8.2	296	10.83	-66.06
3	2015-11-11 03:36	25.81	53960	5.82	87.6	8.2	297	10.8	-66.13
3	2015-11-11 03:38	25.81	54010	5.8	87.3	8.2	297	10.83	-66.12
3	2015-11-11 03:40	25.81	54090	5.79	87.1	8.2	297	10.83	-66.09
3	2015-11-11 03:42	25.81	54100	5.77	86.8	8.2	297	10.82	-66.16
3	2015-11-11 03:44	25.8	54080	5.74	86.4	8.2	297	10.82	-66.03
3	2015-11-11 03:46	25.8	54050	5.73	86.3	8.2	297	10.8	-66.09
3	2015-11-11 03:48	25.8	53910	5.74	86.3	8.2	298	10.8	-66.11
3	2015-11-11 03:50	25.8	54020	5.74	86.4	8.2	298	10.75	-66.15
3	2015-11-11 03:52	25.79	54110	5.74	86.5	8.2	298	10.8	-66.04
3	2015-11-11 03:54	25.8	53960	5.74	86.4	8.2	298	10.8	-65.98
3	2015-11-11 03:56	25.8	53960	5.74	86.4	8.2	299	10.82	-65.95
3	2015-11-11 03:58	25.8	54060	5.73	86.3	8.19	299	10.76	-65.88
3	2015-11-11 04:00	25.8	54040	5.73	86.2	8.19	299	10.82	-65.95
3	2015-11-11 04:02	25.8	54050	5.73	86.3	8.19	299	10.78	-65.84
3	2015-11-11 04:04	25.8	54000	5.71	86	8.19	299	10.78	-65.72
3	2015-11-11 04:06	25.85	54130	5.64	85.1	8.19	300	10.82	-65.51
3	2015-11-11 04:08	25.86	54070	5.56	83.9	8.18	300	10.8	-65.14
3	2015-11-11 04:10	25.9	54330	5.48	82.7	8.18	301	10.8	-64.9
3	2015-11-11 04:12	25.98	54390	5.4	81.6	8.17	300	10.8	-64.7
3	2015-11-11 04:14	26.01	54400	5.36	81.1	8.17	301	10.8	-64.6
3	2015-11-11 04:16	26.04	54490	5.33	80.7	8.17	301	10.8	-64.67
3	2015-11-11 04:18	26.03	54380	5.31	80.3	8.17	302	10.78	-64.62
3	2015-11-11 04:20	26.08	54480	5.3	80.3	8.17	303	10.82	-64.58
3	2015-11-11 04:22	26.1	54500	5.32	80.6	8.17	302	10.8	-64.7
3	2015-11-11 04:24	26.12	54540	5.39	81.7	8.18	302	10.8	-64.98
3	2015-11-11 04:26	26.12	54730	5.41	82.1	8.18	302	10.8	-64.98
3	2015-11-11 04:28	26.13	54570	5.46	82.8	8.18	303	10.8	-65.13
3	2015-11-11 04:30	26.14	54510	5.5	83.4	8.18	303	10.82	-65.18
3	2015-11-11 04:32	26.14	54500	5.54	83.9	8.18	302	10.8	-65.26
3	2015-11-11 04:34	26.14	54530	5.55	84.2	8.18	302	10.76	-65.19
3	2015-11-11 04:36	26.15	54580	5.56	84.3	8.18	302	10.78	-65.23
3	2015-11-11 04:38	26.14	54520	5.57	84.5	8.18	303	10.75	-65.2
3	2015-11-11 04:40	26.15	54610	5.56	84.4	8.18	303	10.76	-65.09
3	2015-11-11 04:42	26.15	54470	5.55	84.1	8.18	304	10.78	-65.02
3	2015-11-11 04:44	26.15	54580	5.52	83.8	8.17	303	10.76	-64.93
3	2015-11-11 04:46	26.17	54570	5.49	83.4	8.18	304	10.82	-65.01
3	2015-11-11 04:48	26.18	54590	5.5	83.5	8.18	304	10.78	-65.04
3	2015-11-11 04:50	26.19	54580	5.49	83.4	8.17	304	10.78	-64.96
3	2015-11-11 04:52	26.2	54620	5.47	83.1	8.17	305	10.8	-64.83
3	2015-11-11 04:54	26.21	54670	5.46	83	8.17	305	10.78	-64.86
3	2015-11-11 04:56	26.23	54710	5.46	83	8.17	305	10.76	-64.9
3	2015-11-11 04:58	26.23	54530	5.48	83.3	8.18	305	10.8	-65.05
3	2015-11-11 05:00	26.23	54760	5.5	83.7	8.18	305	10.76	-65.08
3	2015-11-11 05:02	26.25	54610	5.54	84.2	8.18	305	10.78	-65.25
3	2015-11-11 05:04	26.26	54750	5.56	84.6	8.18	304	10.75	-65.36
3	2015-11-11 05:06	26.26	54600	5.59	84.9	8.18	305	10.8	-65.27
3	2015-11-11 05:08	26.27	54650	5.59	85.1	8.18	305	10.75	-65.28
3	2015-11-11 05:10	26.27	54620	5.61	85.3	8.18	305	10.78	-65.31
3	2015-11-11 05:12	26.27	54690	5.63	85.6	8.18	305	10.76	-65.34
3	2015-11-11 05:14	26.27	54630	5.62	85.5	8.18	306	10.78	-65.23
3	2015-11-11 05:16	26.27	54730	5.6	85.3	8.18	306	10.8	-65.12
3	2015-11-11 05:18	26.28	54600	5.58	84.9	8.18	306	10.78	-65.04
3	2015-11-11 05:20	26.28	54710	5.57	84.8	8.18	306	10.78	-65.03
3	2015-11-11 05:22	26.28	54600	5.56	84.6	8.18	307	10.78	-65.04
3	2015-11-11 05:24	26.29	54670	5.59	85	8.18	306	10.8	-65.34
3	2015-11-11 05:26	26.28	54740	5.62	85.5	8.18	306	10.66	-65.4
3	2015-11-11 05:28	26.29	54670	5.66	86	8.18	306	10.78	-65.41
3	2015-11-11 05:30	26.29	54540	5.67	86.2	8.18	306	10.78	-65.43
3	2015-11-11 05:32	26.29	54750	5.65	86	8.18	306	10.76	-65.32
3	2015-11-11 05:34	26.29	54620	5.64	85.8	8.18	307	10.78	-65.35
3	2015-11-11 05:36	26.29	54620	5.66	86.2	8.18	307	10.75	-65.35
3	2015-11-11 05:38	26.29	54660	5.65	86	8.18	307	10.76	-65.32
3	2015-11-11 05:40	26.29	54730	5.63	85.6	8.18	307	10.76	-65.13
3	2015-11-11 05:42	26.29	54730	5.6	85.3	8.17	307	10.75	-64.97
3	2015-11-11 05:44	26.29	54600	5.55	84.5	8.17	308	10.73	-64.78
3	2015-11-11 05:46	26.29	54680	5.52	84	8.17	308	10.76	-64.83
3	2015-11-11 05:48	26.29	54670	5.51	83.8	8.17	308	10.78	-64.74
3	2015-11-11 05:50	26.29	54720	5.47	83.2	8.17	308	10.75	-64.69
3	2015-11-11 05:52	26.29	54610	5.43	82.6	8.17	309	10.78	-64.51
3	2015-11-11 05:54	26.29	54870	5.39	82.1	8.16	308	10.75	-64.32
3	2015-11-11 05:56	26.29	54620	5.36	81.5	8.16	309	10.76	-64.21
3	2015-11-11 05:58	26.29	54570	5.33	81.1	8.16	309	10.76	-64.17
3	2015-11-11 06:00	26.3	54750	5.31	80.8	8.16	309	10.75	-64.17
3	2015-11-11 06:02	26.3	54610	5.31	80.7	8.16	309	10.76	-64.23
3	2015-11-11 06:04	26.3	54640	5.31	80.8	8.16	310	10.75	-64.23
3	2015-11-11 06:06	26.3	54710	5.32	81	8.16	309	10.76	-64.36
3	2015-11-11 06:08	26.3	54680	5.33	81.1	8.16	309	10.76	-64.37
3	2015-11-11 06:10	26.31	54720	5.32	81	8.16	310	10.71	-64.25
3	2015-11-11 06:12	26.3	54650	5.3	80.6	8.16	310	10.76	-64.06
3	2015-11-11 06:14	26.31	54590	5.28	80.4	8.16	310	10.78	-63.98
3	2015-11-11 06:16	26.31	54640	5.28	80.3	8.16	310	10.75	-64.08
3	2015-11-11 06:18	26.31	54750	5.29	80.6	8.16	310	10.76	-64.22
3	2015-11-11 06:20	26.31	54670	5.31	80.9	8.16	310	10.76	-64.26
3	2015-11-11 06:22	26.31	54660	5.31	80.8	8.16	311	10.75	-64.21
3	2015-11-11 06:24	26.31	54670	5.33	81.2	8.16	311	10.73	-64.42
3	2015-11-11 06:26	26.31	54710	5.35	81.4	8.17	310	10.76	-64.5
3	2015-11-11 06:28	26.31	54700	5.36	81.6	8.16	311	10.76	-64.42
3	2015-11-11 06:30	26.31	54710	5.36	81.7	8.16	310	10.76	-64.31
3	2015-11-11 06:32	26.3	54750	5.36	81.6	8.16	310	10.73	-64.39
3	2015-11-11 06:34	26.31	54650	5.38	81.9	8.16	310	10.71	-64.39
3	2015-11-11 06:36	26.3	54800	5.39	82.1	8.16	311	10.75	-64.39
3	2015-11-11 06:38	26.3	54650	5.41	82.3	8.16	311	10.75	-64.43
3	2015-11-11 06:40	26.3	54790	5.4	82.3	8.16	311	10.71	-64.37
3	2015-11-11 06:42	26.3	54760	5.39	82.1	8.16	312	10.73	-64.34
3	2015-11-11 06:44	26.3	54810	5.38	82	8.16	311	10.75	-64.27
3	2015-11-11 06:46	26.3	54660	5.39	82.1	8.16	311	10.76	-64.29
3	2015-11-11 06:48	26.3	54710	5.38	81.9	8.16	311	10.75	-64.26
3	2015-11-11 06:50	26.31	54800	5.37	81.9	8.16	311	10.75	-64.35
3	2015-11-11 06:52	26.31	54790	5.4	82.2	8.16	311	10.73	-64.45
3	2015-11-11 06:54	26.31	54720	5.42	82.5	8.17	312	10.73	-64.5
3	2015-11-11 06:56	26.31	54740	5.43	82.7	8.17	312	10.75	-64.45
3	2015-11-11 06:58	26.31	54640	5.43	82.6	8.16	311	10.71	-64.39
3	2015-11-11 07:00	26.31	54710	5.42	82.6	8.16	312	10.75	-64.36
3	2015-11-11 07:02	26.31	54800	5.41	82.3	8.16	312	10.75	-64.24
3	2015-11-11 07:04	26.31	54650	5.38	81.9	8.16	312	10.71	-64.06
3	2015-11-11 07:06	26.32	54740	5.34	81.4	8.16	312	10.71	-63.97
3	2015-11-11 07:08	26.31	54670	5.32	81.1	8.16	312	10.75	-63.96
3	2015-11-11 07:10	26.32	54750	5.32	81	8.16	312	10.75	-64.01
3	2015-11-11 07:12	26.32	54680	5.3	80.7	8.16	312	10.75	-63.97
3	2015-11-11 07:14	26.32	54610	5.3	80.6	8.16	312	10.73	-63.92
3	2015-11-11 07:16	26.31	54640	5.3	80.6	8.16	313	10.73	-63.97
3	2015-11-11 07:18	26.32	54700	5.32	81	8.16	313	10.73	-64.1
3	2015-11-11 07:20	26.31	54690	5.33	81.1	8.16	314	10.73	-64.06
3	2015-11-11 07:22	26.31	54770	5.32	81.1	8.16	314	10.73	-63.96
3	2015-11-11 07:24	26.31	54570	5.33	81.1	8.16	313	10.75	-64.03
3	2015-11-11 07:26	26.32	54720	5.32	81	8.16	314	10.73	-63.96
3	2015-11-11 07:28	26.31	54680	5.32	80.9	8.15	314	10.71	-63.86
3	2015-11-11 07:30	26.31	54740	5.3	80.7	8.15	313	10.75	-63.85
3	2015-11-11 07:32	26.31	54830	5.3	80.8	8.15	314	10.73	-63.85
3	2015-11-11 07:34	26.31	54540	5.3	80.7	8.16	314	10.71	-63.9
3	2015-11-11 07:36	26.31	54700	5.29	80.6	8.16	313	10.73	-63.86
3	2015-11-11 07:38	26.31	54730	5.29	80.6	8.16	313	10.75	-63.88
3	2015-11-11 07:40	26.31	54700	5.28	80.4	8.15	313	10.71	-63.82
3	2015-11-11 07:42	26.31	54690	5.28	80.3	8.15	314	10.71	-63.8
3	2015-11-11 07:44	26.31	54710	5.28	80.4	8.15	314	10.75	-63.87
3	2015-11-11 07:46	26.31	54820	5.27	80.3	8.15	314	10.73	-63.81
3	2015-11-11 07:48	26.31	54760	5.27	80.2	8.15	314	10.75	-63.81
3	2015-11-11 07:50	26.31	54680	5.27	80.3	8.15	314	10.73	-63.87
3	2015-11-11 07:52	26.31	54710	5.28	80.3	8.15	314	10.7	-63.78
3	2015-11-11 07:54	26.31	54740	5.27	80.3	8.15	314	10.73	-63.84
3	2015-11-11 07:56	26.31	54690	5.27	80.1	8.15	315	10.73	-63.7
3	2015-11-11 07:58	26.31	54700	5.26	80.1	8.15	315	10.73	-63.68
3	2015-11-11 08:00	26.31	54750	5.25	79.9	8.15	315	10.7	-63.68
3	2015-11-11 08:02	26.31	54850	5.23	79.7	8.15	315	10.71	-63.58
3	2015-11-11 08:04	26.31	54780	5.24	79.7	8.15	315	10.7	-63.68
3	2015-11-11 08:06	26.31	54650	5.26	80	8.15	315	10.7	-63.72
3	2015-11-11 08:08	26.31	54620	5.26	80	8.15	315	10.73	-63.71
3	2015-11-11 08:10	26.31	54700	5.27	80.2	8.15	315	10.71	-63.86
3	2015-11-11 08:12	26.31	54840	5.28	80.5	8.16	315	10.73	-63.93
3	2015-11-11 08:14	26.31	54680	5.31	80.8	8.16	315	10.7	-63.93
3	2015-11-11 08:16	26.31	54730	5.32	81	8.16	314	10.73	-63.97
3	2015-11-11 08:18	26.31	54820	5.33	81.2	8.16	316	10.7	-63.98
3	2015-11-11 08:20	26.31	54760	5.34	81.2	8.16	315	10.73	-64.04
3	2015-11-11 08:22	26.31	54760	5.34	81.3	8.16	316	10.7	-63.96
3	2015-11-11 08:24	26.31	54730	5.34	81.3	8.15	315	10.7	-63.88
3	2015-11-11 08:26	26.31	54630	5.34	81.2	8.15	315	10.7	-63.82
3	2015-11-11 08:28	26.31	54700	5.33	81.1	8.15	315	10.68	-63.82
3	2015-11-11 08:30	26.3	54790	5.32	81	8.15	315	10.71	-63.85
3	2015-11-11 08:32	26.28	54770	5.33	81.1	8.15	316	10.71	-63.81
3	2015-11-11 08:34	26.29	54610	5.34	81.2	8.15	316	10.66	-63.74
3	2015-11-11 08:36	26.29	54800	5.32	81	8.15	316	10.7	-63.72
3	2015-11-11 08:38	26.28	54650	5.31	80.8	8.15	315	10.71	-63.65
3	2015-11-11 08:40	26.28	54730	5.28	80.4	8.15	316	10.71	-63.56
3	2015-11-11 08:42	26.27	54710	5.27	80.2	8.15	315	10.73	-63.49
3	2015-11-11 08:44	26.27	54800	5.26	80	8.15	316	10.68	-63.38
3	2015-11-11 08:46	26.23	54780	5.24	79.7	8.15	317	10.71	-63.29
3	2015-11-11 08:48	26.23	54620	5.23	79.5	8.14	317	10.71	-63.23
3	2015-11-11 08:50	26.24	54720	5.22	79.3	8.14	317	10.68	-63.25
3	2015-11-11 08:52	26.23	54720	5.21	79.2	8.14	316	10.68	-63.15
3	2015-11-11 08:54	26.23	54700	5.2	79	8.14	316	10.68	-63.09
3	2015-11-11 08:56	26.21	54650	5.19	78.8	8.14	317	10.68	-63.03
3	2015-11-11 08:58	26.22	54750	5.17	78.6	8.14	317	10.68	-63.04
3	2015-11-11 09:00	26.22	54820	5.16	78.4	8.14	317	10.66	-62.95
3	2015-11-11 09:02	26.22	54740	5.15	78.2	8.14	317	10.68	-62.86
3	2015-11-11 09:04	26.22	54570	5.13	78	8.14	317	10.7	-62.79
3	2015-11-11 09:06	26.21	54680	5.14	78.1	8.14	318	10.68	-62.9
3	2015-11-11 09:08	26.21	54710	5.15	78.4	8.14	317	10.7	-63.08
3	2015-11-11 09:10	26.21	54690	5.19	78.8	8.14	318	10.71	-63.18
3	2015-11-11 09:12	26.21	54650	5.22	79.3	8.14	317	10.7	-63.25
3	2015-11-11 09:14	26.21	54790	5.24	79.6	8.14	317	10.66	-63.27
3	2015-11-11 09:16	26.21	54650	5.25	79.8	8.14	318	10.66	-63.23
3	2015-11-11 09:18	26.21	54660	5.25	79.7	8.14	318	10.7	-63.09
3	2015-11-11 09:20	26.2	54630	5.22	79.3	8.14	318	10.66	-62.97
3	2015-11-11 09:22	26.19	54740	5.19	78.9	8.14	318	10.7	-62.79
3	2015-11-11 09:24	26.2	54580	5.18	78.6	8.14	318	10.68	-62.75
3	2015-11-11 09:26	26.2	54670	5.17	78.6	8.14	319	10.68	-62.87
3	2015-11-11 09:28	26.2	54800	5.2	79	8.14	318	10.7	-63
3	2015-11-11 09:30	26.2	54740	5.22	79.3	8.14	318	10.68	-63.13
3	2015-11-11 09:32	26.2	54740	5.22	79.3	8.14	318	10.7	-63.01
3	2015-11-11 09:34	26.2	54750	5.21	79.2	8.14	318	10.68	-62.79
3	2015-11-11 09:36	26.2	54650	5.19	78.8	8.13	319	10.68	-62.67
3	2015-11-11 09:38	26.2	54700	5.16	78.4	8.13	319	10.66	-62.6
3	2015-11-11 09:40	26.2	54700	5.17	78.6	8.14	319	10.66	-62.8
3	2015-11-11 09:42	26.2	54710	5.2	79	8.14	319	10.68	-62.95
3	2015-11-11 09:44	26.19	54790	5.22	79.4	8.14	319	10.66	-62.86
3	2015-11-11 09:46	26.19	54650	5.23	79.4	8.14	318	10.7	-62.88
3	2015-11-11 09:48	26.2	54730	5.25	79.8	8.14	319	10.68	-63.12
3	2015-11-11 09:50	26.19	54790	5.27	80.1	8.14	319	10.68	-63.15
3	2015-11-11 09:52	26.19	54740	5.3	80.5	8.15	319	10.66	-63.24
3	2015-11-11 09:54	26.2	54760	5.32	80.9	8.15	318	10.68	-63.29
3	2015-11-11 09:56	26.19	54680	5.33	80.9	8.14	319	10.66	-63.2
3	2015-11-11 09:58	26.19	54670	5.32	80.8	8.14	319	10.66	-63.09
3	2015-11-11 10:00	26.19	54720	5.31	80.7	8.14	319	10.66	-62.98
3	2015-11-11 10:02	26.19	54740	5.3	80.5	8.14	319	10.68	-62.92
3	2015-11-11 10:04	26.18	54700	5.27	80.1	8.14	319	10.68	-62.72
3	2015-11-11 10:06	26.18	54740	5.24	79.6	8.13	319	10.68	-62.52
3	2015-11-11 10:08	26.17	54740	5.23	79.4	8.13	320	10.66	-62.5
3	2015-11-11 10:10	26.15	54600	5.21	79.1	8.13	320	10.65	-62.3
3	2015-11-11 10:12	26.15	54710	5.19	78.8	8.13	319	10.68	-62.18
3	2015-11-11 10:14	26.15	54720	5.17	78.5	8.12	321	10.65	-62.02
3	2015-11-11 10:16	26.15	54680	5.15	78.2	8.12	320	10.66	-61.9
3	2015-11-11 10:18	26.15	54780	5.14	78	8.12	320	10.65	-61.9
3	2015-11-11 10:20	26.16	54660	5.13	77.9	8.12	321	10.66	-61.92
3	2015-11-11 10:22	26.16	54760	5.12	77.8	8.12	320	10.66	-61.91
3	2015-11-11 10:24	26.16	54650	5.1	77.5	8.12	321	10.66	-61.77
3	2015-11-11 10:26	26.16	54710	5.08	77.2	8.12	321	10.68	-61.67
3	2015-11-11 10:28	26.16	54690	5.06	76.9	8.12	321	10.66	-61.57
3	2015-11-11 10:30	26.18	54680	5.04	76.5	8.12	321	10.65	-61.65
3	2015-11-11 10:32	26.18	54800	5.03	76.4	8.12	321	10.66	-61.77
3	2015-11-11 10:34	26.18	54720	5.04	76.5	8.12	321	10.66	-61.89
3	2015-11-11 10:36	26.19	54640	5.05	76.7	8.12	320	10.66	-62.04
3	2015-11-11 10:38	26.2	54730	5.06	76.9	8.13	321	10.65	-62.19
3	2015-11-11 10:40	26.21	54790	5.07	77.2	8.13	320	10.65	-62.23
3	2015-11-11 10:42	26.21	54760	5.08	77.2	8.13	321	10.66	-62.22
3	2015-11-11 10:44	26.22	54600	5.09	77.3	8.13	321	10.65	-62.3
3	2015-11-11 10:46	26.23	54740	5.12	77.8	8.13	320	10.66	-62.5
3	2015-11-11 10:48	26.22	54770	5.14	78.2	8.14	320	10.66	-62.71
3	2015-11-11 10:50	26.22	54790	5.17	78.6	8.13	321	10.68	-62.71
3	2015-11-11 10:52	26.22	54730	5.19	78.9	8.13	321	10.65	-62.67
3	2015-11-11 10:54	26.23	54740	5.21	79.2	8.13	320	10.65	-62.68
3	2015-11-11 10:56	26.21	54770	5.22	79.4	8.13	322	10.66	-62.56
3	2015-11-11 10:58	26.21	54720	5.2	79.1	8.13	323	10.66	-62.49
3	2015-11-11 11:00	26.21	54750	5.21	79.2	8.13	323	10.65	-62.69
3	2015-11-11 11:02	26.22	54720	5.22	79.4	8.13	321	10.65	-62.61
3	2015-11-11 11:04	26.23	54790	5.23	79.5	8.13	321	10.65	-62.61
3	2015-11-11 11:06	26.23	54700	5.24	79.7	8.13	321	10.61	-62.7
3	2015-11-11 11:08	26.21	54690	5.3	80.5	8.14	323	10.63	-62.96
3	2015-11-11 11:10	26.21	54700	5.33	81	8.14	322	10.63	-63.06
3	2015-11-11 11:12	26.23	54670	5.37	81.6	8.14	321	10.65	-63.17
3	2015-11-11 11:14	26.23	54780	5.4	82.1	8.14	321	10.65	-63.22
3	2015-11-11 11:16	26.22	54740	5.43	82.6	8.14	321	10.65	-63.25
3	2015-11-11 11:18	26.22	54760	5.44	82.7	8.14	321	10.63	-63.13
3	2015-11-11 11:20	26.24	54690	5.45	82.8	8.14	321	10.61	-63.09
3	2015-11-11 11:22	26.24	54660	5.45	82.9	8.14	321	10.61	-63.18
3	2015-11-11 11:24	26.26	54720	5.46	83	8.14	321	10.66	-63.11
3	2015-11-11 11:26	26.23	54810	5.45	83	8.14	322	10.63	-63.06
3	2015-11-11 11:28	26.24	54720	5.48	83.3	8.14	321	10.66	-63.12
3	2015-11-11 11:30	26.24	54740	5.5	83.6	8.14	321	10.65	-63.2
3	2015-11-11 11:32	26.24	54680	5.51	83.7	8.15	322	10.66	-63.28
3	2015-11-11 11:34	26.24	54810	5.52	84	8.14	321	10.66	-63.3
3	2015-11-11 11:36	26.26	54690	5.53	84.1	8.15	321	10.63	-63.26
3	2015-11-11 11:38	26.23	54720	5.53	84.1	8.14	322	10.66	-63.21
3	2015-11-11 11:40	26.24	54780	5.53	84.2	8.15	322	10.65	-63.27
3	2015-11-11 11:42	26.25	54770	5.54	84.3	8.15	322	10.66	-63.35
3	2015-11-11 11:44	26.26	54770	5.55	84.4	8.14	321	10.65	-63.27
3	2015-11-11 11:46	26.24	54790	5.54	84.3	8.15	322	10.65	-63.3
3	2015-11-11 11:48	26.25	54800	5.54	84.2	8.15	321	10.66	-63.29
3	2015-11-11 11:50	26.25	54840	5.53	84.1	8.14	322	10.65	-63.24
3	2015-11-11 11:52	26.26	54710	5.53	84.1	8.15	321	10.66	-63.41
3	2015-11-11 11:54	26.26	54740	5.54	84.3	8.15	321	10.65	-63.45
3	2015-11-11 11:56	26.27	54750	5.54	84.3	8.15	321	10.61	-63.43
3	2015-11-11 11:58	26.3	54720	5.54	84.4	8.15	321	10.65	-63.44
3	2015-11-11 12:00	26.27	54920	5.55	84.5	8.15	321	10.61	-63.44
3	2015-11-11 12:02	26.29	54750	5.56	84.6	8.15	320	10.61	-63.45
3	2015-11-11 12:04	26.28	54700	5.57	84.7	8.15	320	10.65	-63.43
3	2015-11-11 12:06	26.25	54760	5.57	84.7	8.15	320	10.63	-63.45
3	2015-11-11 12:08	26.25	54810	5.58	84.8	8.15	321	10.61	-63.5
3	2015-11-11 12:10	26.23	54790	5.58	84.9	8.15	320	10.61	-63.45
3	2015-11-11 12:12	26.26	54730	5.6	85.2	8.15	321	10.65	-63.5
3	2015-11-11 12:14	26.3	54650	5.62	85.5	8.15	320	10.63	-63.52
3	2015-11-11 12:16	25.22	82.9	7.02	85.4	7.72	326	10.63	-45.27
