SENS_ID	SDN	O2	O2satper	TC	VpH	pHinsitu	COND	ORP	Vbatt
1	2015-11-08 21:24	5.11	77.1	26.15	0.81	-123.5	53110	37	11.48
1	2015-11-08 21:26	5.35	80.6	26.14	1.05	-122.1	53180	41	11.44
1	2015-11-08 21:28	5.45	82.3	26.13	1.26	-120.9	53290	44	11.48
1	2015-11-08 21:30	5.52	83.2	26.12	1.45	-119.8	53270	47	11.48
1	2015-11-08 21:32	5.63	85	26.14	1.63	-118.8	53360	48	11.44
1	2015-11-08 21:34	5.69	85.8	26.14	1.8	-117.8	53320	50	11.44
1	2015-11-08 21:36	5.73	86.5	26.14	1.96	-116.9	53300	51	11.46
1	2015-11-08 21:38	5.72	86.4	26.13	2.11	-116	53290	52	11.46
1	2015-11-08 21:40	5.72	86.3	26.13	2.25	-115.2	53380	53	11.43
1	2015-11-08 21:42	5.75	86.7	26.14	2.39	-114.4	53330	54	11.43
1	2015-11-08 21:44	5.76	87	26.14	2.51	-113.7	53300	55	11.41
1	2015-11-08 21:46	5.74	86.7	26.13	2.63	-113	53340	56	11.41
1	2015-11-08 21:48	5.78	87.2	26.14	2.74	-112.4	53350	56	11.43
1	2015-11-08 21:50	5.78	87.2	26.13	2.85	-111.7	53310	57	11.41
1	2015-11-08 21:52	5.79	87.3	26.12	2.94	-111.2	53330	58	11.43
1	2015-11-08 21:54	5.77	87.1	26.13	3.04	-110.6	53370	58	11.43
1	2015-11-08 21:56	5.77	87	26.12	3.13	-110.1	53280	59	11.43
1	2015-11-08 21:58	5.78	87.2	26.12	3.21	-109.7	53320	59	11.41
1	2015-11-08 22:00	5.8	87.6	26.12	3.28	-109.2	53250	60	11.41
1	2015-11-08 22:02	5.82	87.8	26.12	3.36	-108.8	53270	60	11.29
1	2015-11-08 22:04	5.79	87.3	26.11	3.42	-108.4	53410	60	11.39
1	2015-11-08 22:06	5.79	87.3	26.11	3.49	-108	53310	60	11.41
1	2015-11-08 22:08	5.76	86.8	26.11	3.55	-107.7	53280	61	11.39
1	2015-11-08 22:10	5.74	86.5	26.1	3.61	-107.3	53370	61	11.41
1	2015-11-08 22:12	5.7	85.9	26.08	3.67	-107	53300	61	11.36
1	2015-11-08 22:14	5.7	86	26.08	3.72	-106.7	53380	61	11.39
1	2015-11-08 22:16	5.73	86.4	26.09	3.78	-106.4	53320	61	11.39
1	2015-11-08 22:18	5.73	86.4	26.08	3.82	-106.1	53420	62	11.41
1	2015-11-08 22:20	5.73	86.4	26.05	3.87	-105.8	53390	62	11.38
1	2015-11-08 22:22	5.72	86.1	26.03	3.92	-105.6	53330	62	11.39
1	2015-11-08 22:24	5.67	85.5	26.03	3.96	-105.3	53370	62	11.36
1	2015-11-08 22:26	5.65	85.2	26.05	4	-105.1	53310	62	11.36
1	2015-11-08 22:28	5.63	84.8	26.02	4.04	-104.8	53340	63	11.36
1	2015-11-08 22:30	5.6	84.3	26.01	4.08	-104.6	53330	63	11.38
1	2015-11-08 22:32	5.6	84.3	26.01	4.12	-104.4	53260	63	11.36
1	2015-11-08 22:34	5.59	84.2	26.01	4.15	-104.2	53300	63	11.38
1	2015-11-08 22:36	5.59	84.1	26	4.19	-104	53320	63	11.36
1	2015-11-08 22:38	5.57	83.8	26.01	4.22	-103.8	53360	63	11.38
1	2015-11-08 22:40	5.56	83.7	26.01	4.26	-103.6	53220	63	11.38
1	2015-11-08 22:42	5.53	83.3	26.01	4.29	-103.4	53310	63	11.36
1	2015-11-08 22:44	5.54	83.4	26.01	4.32	-103.3	53190	63	11.34
1	2015-11-08 22:46	5.53	83.3	26.02	4.35	-103.1	53340	64	11.34
1	2015-11-08 22:48	5.54	83.4	26.04	4.39	-102.9	53290	64	11.34
1	2015-11-08 22:50	5.54	83.5	26.04	4.41	-102.7	53300	64	11.38
1	2015-11-08 22:52	5.53	83.4	26.04	4.44	-102.5	53270	64	11.34
1	2015-11-08 22:54	5.51	82.9	26.02	4.47	-102.4	53290	64	11.27
1	2015-11-08 22:56	5.49	82.8	26.03	4.49	-102.3	53290	64	11.34
1	2015-11-08 22:58	5.49	82.7	26.02	4.53	-102.1	53280	64	11.36
1	2015-11-08 23:00	5.48	82.5	26.02	4.54	-102	53390	64	11.36
1	2015-11-08 23:02	5.52	83.1	26	4.57	-101.8	53240	64	11.33
1	2015-11-08 23:04	5.5	82.8	26.01	4.59	-101.7	53350	65	11.34
1	2015-11-08 23:06	5.48	82.5	26.01	4.62	-101.5	53290	65	11.36
1	2015-11-08 23:08	5.45	82	26.01	4.65	-101.4	53340	65	11.33
1	2015-11-08 23:10	5.41	81.5	26	4.67	-101.3	53370	64	11.33
1	2015-11-08 23:12	5.4	81.3	26.01	4.69	-101.1	53350	64	11.33
1	2015-11-08 23:14	5.43	81.7	26.01	4.71	-101	53340	64	11.31
1	2015-11-08 23:16	5.45	81.5	26.01	4.73	-100.9	51970	64	11.33
1	2015-11-08 23:18	5.41	81.5	26	4.75	-100.8	53320	64	11.31
1	2015-11-08 23:20	5.37	80.8	25.99	4.77	-100.6	53240	65	11.33
1	2015-11-08 23:22	5.36	80.7	26	4.79	-100.5	53370	64	11.31
1	2015-11-08 23:24	5.37	80.9	26	4.81	-100.4	53250	65	11.33
1	2015-11-08 23:26	5.37	80.9	26.01	4.83	-100.3	53290	65	11.31
1	2015-11-08 23:28	5.39	81.2	26	4.85	-100.2	53410	65	11.31
1	2015-11-08 23:30	5.39	81.1	25.99	4.88	-100.1	53310	65	11.29
1	2015-11-08 23:32	5.39	81.2	25.99	4.89	-100	53360	65	11.33
1	2015-11-08 23:34	5.39	81.1	26	4.91	-99.9	53210	65	11.33
1	2015-11-08 23:36	5.38	81	25.99	4.93	-99.81	53290	65	11.29
1	2015-11-08 23:38	5.41	81.5	26	4.94	-99.74	53320	65	11.33
1	2015-11-08 23:40	5.4	81.3	25.99	4.96	-99.61	53320	66	11.33
1	2015-11-08 23:42	5.39	81.1	25.98	4.98	-99.52	53260	66	11.29
1	2015-11-08 23:44	5.35	80.5	25.98	5	-99.41	53270	66	11.31
1	2015-11-08 23:46	5.33	80.3	25.98	5	-99.36	53390	66	11.31
1	2015-11-08 23:48	5.32	80.1	25.96	5.02	-99.28	53300	66	11.29
1	2015-11-08 23:50	5.29	79.5	25.95	5.04	-99.15	53290	66	11.31
1	2015-11-08 23:52	5.26	79.1	25.97	5.05	-99.08	53320	66	11.29
1	2015-11-08 23:54	5.28	79.6	25.97	5.06	-99.05	53390	66	11.29
1	2015-11-08 23:56	5.28	79.6	25.97	5.08	-98.93	53360	66	11.19
1	2015-11-08 23:58	5.27	79.4	25.96	5.09	-98.84	53300	66	11.27
1	2015-11-09 00:00	5.26	79.1	25.96	5.11	-98.76	53330	66	11.29
1	2015-11-09 00:02	5.24	78.8	25.96	5.12	-98.71	53330	66	11.26
1	2015-11-09 00:04	5.22	78.6	25.96	5.12	-98.66	53300	66	11.27
1	2015-11-09 00:06	5.25	78.9	25.96	5.14	-98.55	53250	66	11.29
1	2015-11-09 00:08	5.26	79.2	25.96	5.16	-98.48	53230	66	11.26
1	2015-11-09 00:10	5.29	79.6	25.95	5.17	-98.4	53350	66	11.29
1	2015-11-09 00:12	5.29	79.6	25.94	5.18	-98.32	53380	66	11.26
1	2015-11-09 00:14	5.28	79.4	25.94	5.19	-98.26	53330	66	11.26
1	2015-11-09 00:16	5.25	79	25.94	5.21	-98.17	53310	67	11.27
1	2015-11-09 00:18	5.25	79	25.95	5.22	-98.09	53360	67	11.27
1	2015-11-09 00:20	5.23	78.7	25.94	5.24	-98.03	53330	67	11.26
1	2015-11-09 00:22	5.22	78.5	25.95	5.25	-97.97	53340	67	11.29
1	2015-11-09 00:24	5.22	78.6	25.94	5.26	-97.91	53330	67	11.29
1	2015-11-09 00:26	5.21	78.4	25.94	5.26	-97.86	53250	67	11.27
1	2015-11-09 00:28	5.18	77.9	25.92	5.27	-97.82	53300	67	11.26
1	2015-11-09 00:30	5.16	77.6	25.91	5.28	-97.74	53320	67	11.24
1	2015-11-09 00:32	5.15	77.4	25.93	5.29	-97.7	53420	67	11.26
1	2015-11-09 00:34	5.15	77.4	25.93	5.3	-97.62	53310	67	11.27
1	2015-11-09 00:36	5.16	77.7	25.94	5.32	-97.55	53330	67	11.26
1	2015-11-09 00:38	5.19	78.1	25.94	5.33	-97.5	53290	67	11.26
1	2015-11-09 00:40	5.18	77.9	25.93	5.34	-97.43	53300	67	11.24
1	2015-11-09 00:42	5.16	77.5	25.92	5.35	-97.38	53330	67	11.26
1	2015-11-09 00:44	5.13	77.2	25.92	5.36	-97.33	53400	67	11.24
1	2015-11-09 00:46	5.13	77.1	25.91	5.37	-97.27	53400	67	11.22
1	2015-11-09 00:48	5.14	77.2	25.92	5.37	-97.23	53290	67	11.22
1	2015-11-09 00:50	5.14	77.3	25.92	5.39	-97.15	53350	67	11.26
1	2015-11-09 00:52	5.15	77.5	25.92	5.4	-97.06	53410	67	11.26
1	2015-11-09 00:54	5.15	77.5	25.93	5.41	-97.03	53340	67	11.26
1	2015-11-09 00:56	5.18	77.8	25.92	5.42	-96.96	53310	67	11.26
1	2015-11-09 00:58	5.2	78.2	25.92	5.43	-96.88	53280	68	11.1
1	2015-11-09 01:00	5.22	78.4	25.92	5.44	-96.83	53340	68	11.22
1	2015-11-09 01:02	5.22	78.5	25.92	5.45	-96.8	53290	68	11.26
1	2015-11-09 01:04	5.23	78.6	25.91	5.46	-96.73	53340	68	11.24
1	2015-11-09 01:06	5.17	77.8	25.91	5.47	-96.67	53230	68	11.22
1	2015-11-09 01:08	5.14	77.2	25.9	5.48	-96.59	53290	68	11.26
1	2015-11-09 01:10	5.09	76.5	25.88	5.49	-96.54	53360	68	11.22
1	2015-11-09 01:12	5.05	75.9	25.83	5.49	-96.53	53350	68	11.26
1	2015-11-09 01:14	5.04	75.7	25.83	5.5	-96.49	53330	68	11.24
1	2015-11-09 01:16	5.01	75.2	25.81	5.51	-96.43	53210	68	11.24
1	2015-11-09 01:18	4.99	74.9	25.83	5.52	-96.41	53380	68	11.22
1	2015-11-09 01:20	4.97	74.7	25.86	5.52	-96.38	53320	68	11.26
1	2015-11-09 01:22	4.97	74.7	25.86	5.53	-96.32	53270	68	11.22
1	2015-11-09 01:24	4.96	74.6	25.85	5.54	-96.29	53350	68	11.24
1	2015-11-09 01:26	4.96	74.5	25.87	5.54	-96.25	53300	68	11.22
1	2015-11-09 01:28	4.97	74.6	25.85	5.55	-96.21	53290	68	11.22
1	2015-11-09 01:30	5	75.1	25.84	5.55	-96.2	53310	68	11.24
1	2015-11-09 01:32	4.97	74.7	25.83	5.56	-96.14	53310	68	11.22
1	2015-11-09 01:34	4.93	74.1	25.85	5.57	-96.11	53340	68	11.21
1	2015-11-09 01:36	4.91	73.8	25.85	5.58	-96.05	53260	68	11.22
1	2015-11-09 01:38	4.91	73.7	25.87	5.59	-96.01	53360	68	11.22
1	2015-11-09 01:40	4.91	73.8	25.87	5.59	-95.96	53340	68	11.22
1	2015-11-09 01:42	4.92	74	25.87	5.6	-95.93	53280	68	11.22
1	2015-11-09 01:44	4.92	74	25.87	5.6	-95.9	53350	68	11.19
1	2015-11-09 01:46	4.92	74	25.87	5.61	-95.86	53380	68	11.21
1	2015-11-09 01:48	4.95	74.3	25.87	5.61	-95.84	53260	68	11.22
1	2015-11-09 01:50	4.95	74.4	25.86	5.62	-95.78	53290	69	11.22
1	2015-11-09 01:52	4.94	74.2	25.86	5.63	-95.78	53370	69	11.22
1	2015-11-09 01:54	4.93	74.2	25.87	5.64	-95.72	53430	69	11.19
1	2015-11-09 01:56	4.95	74.3	25.86	5.64	-95.68	53260	69	11.21
1	2015-11-09 01:58	4.95	74.3	25.86	5.64	-95.68	53240	69	11.21
1	2015-11-09 02:00	4.97	74.6	25.86	5.66	-95.57	53330	69	11.19
1	2015-11-09 02:02	4.96	74.4	25.86	5.66	-95.57	53250	69	11.21
1	2015-11-09 02:04	4.97	74.7	25.85	5.67	-95.55	53270	69	11.22
1	2015-11-09 02:06	4.95	74.4	25.85	5.67	-95.51	53270	69	11.22
1	2015-11-09 02:08	4.93	74.1	25.84	5.68	-95.47	53300	69	11.19
1	2015-11-09 02:10	4.9	73.6	25.83	5.68	-95.45	53310	69	11.17
1	2015-11-09 02:12	4.87	73.2	25.83	5.68	-95.46	53250	69	11.21
1	2015-11-09 02:14	4.9	73.6	25.84	5.69	-95.43	53200	69	11.19
1	2015-11-09 02:16	4.96	74.5	25.84	5.69	-95.41	53340	69	11.19
1	2015-11-09 02:18	4.97	74.6	25.83	5.7	-95.33	53310	69	11.22
1	2015-11-09 02:20	4.94	74.2	25.83	5.7	-95.32	53210	69	11.21
1	2015-11-09 02:22	4.93	74	25.82	5.71	-95.27	53230	69	11.21
1	2015-11-09 02:24	4.94	74.2	25.83	5.71	-95.28	53290	69	11.19
1	2015-11-09 02:26	4.94	74.1	25.83	5.71	-95.26	53260	69	11.17
1	2015-11-09 02:28	4.93	74.1	25.82	5.72	-95.22	53300	69	11.21
1	2015-11-09 02:30	4.91	73.7	25.82	5.73	-95.19	53220	69	11.17
1	2015-11-09 02:32	4.9	73.5	25.81	5.74	-95.14	53260	69	11.16
1	2015-11-09 02:34	4.89	73.4	25.82	5.74	-95.13	53260	69	11.19
1	2015-11-09 02:36	4.87	73.1	25.81	5.74	-95.1	53290	69	11.17
1	2015-11-09 02:38	4.87	73	25.81	5.75	-95.05	53360	69	11.19
1	2015-11-09 02:40	4.87	73	25.8	5.76	-95.03	53340	69	11.19
1	2015-11-09 02:42	4.86	72.9	25.8	5.76	-95	53320	69	11.21
1	2015-11-09 02:44	4.86	72.9	25.8	5.77	-94.97	53340	69	11.16
1	2015-11-09 02:46	4.88	73.2	25.8	5.77	-94.94	53220	69	11.21
1	2015-11-09 02:48	4.87	73	25.79	5.78	-94.89	53250	70	11.21
1	2015-11-09 02:50	4.86	72.9	25.8	5.78	-94.88	53230	70	11.19
1	2015-11-09 02:52	4.85	72.8	25.79	5.79	-94.86	53310	70	11.16
1	2015-11-09 02:54	4.83	72.4	25.8	5.79	-94.82	53270	70	11.17
1	2015-11-09 02:56	4.83	72.5	25.79	5.8	-94.79	53340	70	11.16
1	2015-11-09 02:58	4.84	72.7	25.79	5.8	-94.75	53290	69	11.16
1	2015-11-09 03:00	4.82	72.2	25.78	5.81	-94.73	53280	70	11.16
1	2015-11-09 03:02	4.81	72.1	25.79	5.81	-94.72	53300	70	11.19
1	2015-11-09 03:04	4.78	71.7	25.78	5.82	-94.67	53240	70	11.19
1	2015-11-09 03:06	4.77	71.5	25.78	5.82	-94.65	53230	70	11.14
1	2015-11-09 03:08	4.77	71.5	25.78	5.83	-94.62	53350	70	11.17
1	2015-11-09 03:10	4.76	71.5	25.78	5.83	-94.6	53350	70	11.19
1	2015-11-09 03:12	4.76	71.4	25.78	5.84	-94.55	53210	70	11.16
1	2015-11-09 03:14	4.76	71.4	25.78	5.84	-94.54	53290	70	11.16
1	2015-11-09 03:16	4.75	71.3	25.77	5.85	-94.51	53370	70	11.17
1	2015-11-09 03:18	4.78	71.7	25.78	5.85	-94.46	53260	70	11.17
1	2015-11-09 03:20	4.77	71.6	25.78	5.86	-94.44	53220	70	11.17
1	2015-11-09 03:22	4.77	71.6	25.77	5.86	-94.42	53290	70	11.17
1	2015-11-09 03:24	4.76	71.4	25.77	5.87	-94.39	53310	70	11.17
1	2015-11-09 03:26	4.75	71.3	25.76	5.87	-94.38	53310	70	11.16
1	2015-11-09 03:28	4.77	71.5	25.77	5.87	-94.34	53320	70	11.14
1	2015-11-09 03:30	4.8	71.9	25.77	5.88	-94.3	53260	70	11.19
1	2015-11-09 03:32	4.8	72	25.76	5.89	-94.27	53310	70	11.16
1	2015-11-09 03:34	4.79	71.8	25.76	5.89	-94.23	53250	70	11.17
1	2015-11-09 03:36	4.78	71.7	25.76	5.9	-94.22	53280	70	11.14
1	2015-11-09 03:38	4.77	71.6	25.76	5.9	-94.22	53270	70	11.16
1	2015-11-09 03:40	4.76	71.3	25.76	5.9	-94.18	53200	70	11.14
1	2015-11-09 03:42	4.76	71.3	25.75	5.91	-94.14	53270	70	11.16
1	2015-11-09 03:44	4.74	71	25.75	5.91	-94.13	53290	70	11.16
1	2015-11-09 03:46	4.72	70.8	25.75	5.91	-94.11	53360	70	11.17
1	2015-11-09 03:48	4.7	70.5	25.75	5.92	-94.09	53240	70	11.16
1	2015-11-09 03:50	4.71	70.6	25.76	5.92	-94.08	53390	70	11.12
1	2015-11-09 03:52	4.69	70.4	25.75	5.92	-94.07	53290	70	11.02
1	2015-11-09 03:54	4.7	70.4	25.75	5.93	-94.01	53300	70	11.17
1	2015-11-09 03:56	4.7	70.5	25.75	5.94	-93.98	53310	70	11.16
1	2015-11-09 03:58	4.69	70.2	25.74	5.94	-93.96	53230	70	11.16
1	2015-11-09 04:00	4.66	69.9	25.74	5.94	-93.95	53280	71	11.16
1	2015-11-09 04:02	4.65	69.7	25.74	5.95	-93.92	53300	71	11.17
1	2015-11-09 04:04	4.63	69.4	25.73	5.94	-93.94	53260	71	11.16
1	2015-11-09 04:06	4.62	69.2	25.73	5.96	-93.87	53340	71	11.16
1	2015-11-09 04:08	4.59	68.7	25.72	5.95	-93.88	53200	71	11.17
1	2015-11-09 04:10	4.54	68.1	25.74	5.96	-93.84	53300	71	11.14
1	2015-11-09 04:12	4.57	68.6	25.74	5.96	-93.84	53290	71	11.12
1	2015-11-09 04:14	4.63	69.3	25.74	5.97	-93.81	53240	71	11.16
1	2015-11-09 04:16	4.67	70.1	25.74	5.97	-93.81	53330	71	11.14
1	2015-11-09 04:18	4.67	70	25.74	5.98	-93.75	53300	71	11.16
1	2015-11-09 04:20	4.7	70.5	25.74	5.98	-93.75	53350	71	11.17
1	2015-11-09 04:22	4.7	70.5	25.74	5.98	-93.75	53240	71	11.16
1	2015-11-09 04:24	4.69	70.3	25.74	5.99	-93.7	53200	71	11.14
1	2015-11-09 04:26	4.67	69.9	25.73	5.99	-93.67	53270	71	11.14
1	2015-11-09 04:28	4.66	69.8	25.74	6	-93.65	53230	71	11.16
1	2015-11-09 04:30	4.67	70.1	25.74	6	-93.63	53270	71	11.16
1	2015-11-09 04:32	4.68	70.1	25.74	6	-93.61	53270	71	11.14
1	2015-11-09 04:34	4.72	70.8	25.73	6	-93.59	53300	71	11.12
1	2015-11-09 04:36	4.73	70.9	25.73	6.01	-93.59	53320	71	11.16
1	2015-11-09 04:38	4.72	70.7	25.73	6.01	-93.56	53340	71	11.12
1	2015-11-09 04:40	4.69	70.2	25.71	6.02	-93.52	53240	71	11.12
1	2015-11-09 04:42	4.72	70.8	25.72	6.03	-93.47	53230	71	11.12
1	2015-11-09 04:44	4.72	70.8	25.71	6.03	-93.47	53320	71	11.14
1	2015-11-09 04:46	4.71	70.6	25.71	6.03	-93.45	53280	71	11.14
1	2015-11-09 04:48	4.71	70.5	25.67	6.03	-93.43	53300	71	11.12
1	2015-11-09 04:50	4.69	70.1	25.61	6.03	-93.45	53320	71	11.14
1	2015-11-09 04:52	4.64	69.4	25.6	6.03	-93.47	53280	71	11.14
1	2015-11-09 04:54	4.64	69.3	25.59	6.03	-93.44	53230	71	11.12
1	2015-11-09 04:56	4.61	69	25.59	6.03	-93.44	53300	71	11.04
1	2015-11-09 04:58	4.6	68.7	25.6	6.03	-93.46	53210	71	11.14
1	2015-11-09 05:00	4.6	68.8	25.61	6.03	-93.42	53280	72	11.12
1	2015-11-09 05:02	4.61	68.9	25.61	6.04	-93.36	53220	72	11.14
1	2015-11-09 05:04	4.59	68.7	25.61	6.05	-93.35	53220	72	11.12
1	2015-11-09 05:06	4.6	68.8	25.59	6.05	-93.35	53290	72	11.12
1	2015-11-09 05:08	4.6	68.8	25.6	6.05	-93.33	53280	72	11.12
1	2015-11-09 05:10	4.6	68.8	25.6	6.06	-93.27	53140	72	11.14
1	2015-11-09 05:12	4.59	68.6	25.6	6.06	-93.25	53150	72	11.1
1	2015-11-09 05:14	4.59	68.7	25.63	6.07	-93.21	53210	72	10.97
1	2015-11-09 05:16	4.62	69	25.62	6.08	-93.18	53210	72	11.12
1	2015-11-09 05:18	4.57	68.4	25.62	6.07	-93.21	53270	72	11.12
1	2015-11-09 05:20	4.54	67.9	25.62	6.07	-93.2	53300	72	11.12
1	2015-11-09 05:22	4.49	67.1	25.61	6.08	-93.17	53270	72	11.1
1	2015-11-09 05:24	4.46	66.7	25.61	6.08	-93.13	53400	72	11.12
1	2015-11-09 05:26	4.43	66.2	25.61	6.09	-93.12	53310	72	11.09
1	2015-11-09 05:28	4.4	65.9	25.63	6.09	-93.08	53240	72	11.09
1	2015-11-09 05:30	4.42	66.1	25.64	6.1	-93.02	53260	72	11.07
1	2015-11-09 05:32	4.49	67.2	25.65	6.1	-93.02	53260	72	11.12
1	2015-11-09 05:34	4.52	67.7	25.65	6.11	-92.99	53340	72	11.12
1	2015-11-09 05:36	4.54	68	25.65	6.11	-92.96	53310	72	11.09
1	2015-11-09 05:38	4.56	68.3	25.65	6.11	-92.96	53260	72	11.09
1	2015-11-09 05:40	4.56	68.3	25.65	6.12	-92.94	53200	72	11.1
1	2015-11-09 05:42	4.56	68.2	25.65	6.12	-92.91	53210	72	11.12
1	2015-11-09 05:44	4.59	68.8	25.66	6.12	-92.91	53330	72	11.12
1	2015-11-09 05:46	4.59	68.6	25.63	6.13	-92.86	53230	72	11.1
1	2015-11-09 05:48	4.55	68	25.63	6.14	-92.84	53320	72	11.09
1	2015-11-09 05:50	4.53	67.8	25.64	6.13	-92.84	53210	72	11.09
1	2015-11-09 05:52	4.54	67.9	25.63	6.14	-92.83	53210	72	11.09
1	2015-11-09 05:54	4.58	68.6	25.65	6.14	-92.8	53270	72	11.1
1	2015-11-09 05:56	4.59	68.7	25.64	6.14	-92.82	53250	72	11.1
1	2015-11-09 05:58	4.58	68.5	25.64	6.14	-92.78	53230	72	11.09
1	2015-11-09 06:00	4.54	67.9	25.63	6.14	-92.8	53220	71	11.12
1	2015-11-09 06:02	4.52	67.6	25.62	6.15	-92.77	53260	72	11.12
1	2015-11-09 06:04	4.5	67.3	25.6	6.16	-92.72	53220	72	11.1
1	2015-11-09 06:06	4.48	66.9	25.59	6.15	-92.73	53240	72	11.09
1	2015-11-09 06:08	4.45	66.6	25.57	6.16	-92.72	53210	72	11.09
1	2015-11-09 06:10	4.46	66.7	25.58	6.16	-92.72	53340	72	11.12
1	2015-11-09 06:12	4.5	67.3	25.58	6.15	-92.74	53180	72	11.12
1	2015-11-09 06:14	4.53	67.7	25.57	6.15	-92.75	53240	72	11.1
1	2015-11-09 06:16	4.54	67.9	25.57	6.15	-92.74	53220	73	11.09
1	2015-11-09 06:18	4.53	67.7	25.54	6.15	-92.72	53180	73	11.1
1	2015-11-09 06:20	4.53	67.6	25.55	6.15	-92.72	53160	73	11.1
1	2015-11-09 06:22	4.51	67.4	25.56	6.16	-92.71	53240	73	11.1
1	2015-11-09 06:24	4.53	67.7	25.56	6.16	-92.7	53200	73	11.09
1	2015-11-09 06:26	4.52	67.5	25.53	6.16	-92.67	53160	73	11.07
1	2015-11-09 06:28	4.53	67.7	25.53	6.16	-92.67	53240	73	11.09
1	2015-11-09 06:30	4.52	67.5	25.54	6.17	-92.65	53180	73	11.1
1	2015-11-09 06:32	4.49	67.1	25.55	6.18	-92.61	53170	73	11.09
1	2015-11-09 06:34	4.43	66.2	25.56	6.18	-92.58	53190	73	11.07
1	2015-11-09 06:36	4.47	66.8	25.59	6.18	-92.59	53220	73	11.07
1	2015-11-09 06:38	4.5	67.3	25.61	6.18	-92.56	53200	73	11.09
1	2015-11-09 06:40	4.5	67.3	25.6	6.19	-92.54	53130	73	11.07
1	2015-11-09 06:42	4.47	66.9	25.59	6.19	-92.52	53260	73	11.09
1	2015-11-09 06:44	4.45	66.5	25.59	6.19	-92.54	53310	73	11.07
1	2015-11-09 06:46	4.39	65.7	25.59	6.19	-92.52	53200	73	11.09
1	2015-11-09 06:48	4.38	65.5	25.59	6.19	-92.51	53190	73	11.07
1	2015-11-09 06:50	4.41	65.9	25.58	6.19	-92.53	53280	73	11.07
1	2015-11-09 06:52	4.43	66.3	25.57	6.19	-92.54	53260	73	11.07
1	2015-11-09 06:54	4.43	66.2	25.57	6.19	-92.53	53260	73	11.07
1	2015-11-09 06:56	4.42	66.1	25.56	6.19	-92.52	53180	73	11.05
1	2015-11-09 06:58	4.44	66.3	25.57	6.2	-92.49	53260	73	11.07
1	2015-11-09 07:00	4.46	66.6	25.56	6.2	-92.48	53250	73	11.07
1	2015-11-09 07:02	4.47	66.8	25.57	6.19	-92.5	53160	73	11.09
1	2015-11-09 07:04	4.46	66.6	25.55	6.2	-92.48	53190	73	11.05
1	2015-11-09 07:06	4.42	66.1	25.57	6.2	-92.47	53270	73	11.07
1	2015-11-09 07:08	4.37	65.4	25.58	6.2	-92.45	53240	73	11.09
1	2015-11-09 07:10	4.39	65.7	25.57	6.2	-92.44	53240	73	11.07
1	2015-11-09 07:12	4.39	65.6	25.58	6.21	-92.42	53230	73	11.07
1	2015-11-09 07:14	4.42	66.1	25.59	6.21	-92.43	53200	73	11.05
1	2015-11-09 07:16	4.48	67	25.59	6.21	-92.43	53090	73	11.07
1	2015-11-09 07:18	4.51	67.4	25.58	6.21	-92.42	53280	74	11.07
1	2015-11-09 07:20	4.52	67.6	25.58	6.21	-92.43	53210	74	11.05
1	2015-11-09 07:22	4.5	67.2	25.59	6.22	-92.37	53180	73	11.05
1	2015-11-09 07:24	4.44	66.4	25.59	6.21	-92.39	53300	73	11.09
1	2015-11-09 07:26	4.45	66.5	25.59	6.22	-92.37	53190	73	11.05
1	2015-11-09 07:28	4.47	66.7	25.59	6.22	-92.36	53190	73	11.07
1	2015-11-09 07:30	4.48	66.9	25.59	6.21	-92.38	53140	73	11.05
1	2015-11-09 07:32	4.49	67.2	25.6	6.22	-92.35	53150	73	11.05
1	2015-11-09 07:34	4.46	66.7	25.58	6.22	-92.36	53260	73	11.09
1	2015-11-09 07:36	4.49	67.1	25.6	6.22	-92.35	53210	73	11.09
1	2015-11-09 07:38	4.53	67.8	25.6	6.22	-92.38	53290	73	11.05
1	2015-11-09 07:40	4.54	67.9	25.6	6.22	-92.36	53190	73	11.04
1	2015-11-09 07:42	4.55	68	25.59	6.22	-92.35	53160	73	11.07
1	2015-11-09 07:44	4.55	68	25.59	6.22	-92.37	53200	73	11.05
1	2015-11-09 07:46	4.57	68.3	25.59	6.22	-92.35	53210	73	11.09
1	2015-11-09 07:48	4.56	68.2	25.59	6.22	-92.35	53190	73	11.09
1	2015-11-09 07:50	4.56	68.1	25.58	6.22	-92.35	53220	73	11.05
1	2015-11-09 07:52	4.54	67.9	25.58	6.22	-92.34	53370	73	11.04
1	2015-11-09 07:54	4.55	68	25.59	6.22	-92.35	53270	73	11.07
1	2015-11-09 07:56	4.54	67.8	25.58	6.22	-92.34	53260	73	11.07
1	2015-11-09 07:58	4.53	67.7	25.59	6.22	-92.34	53170	73	11.05
1	2015-11-09 08:00	4.53	67.7	25.58	6.23	-92.29	53190	73	11.07
1	2015-11-09 08:02	4.52	67.6	25.58	6.23	-92.32	53250	73	11.04
1	2015-11-09 08:04	4.51	67.3	25.58	6.23	-92.3	53160	73	11.07
1	2015-11-09 08:06	4.48	66.9	25.58	6.23	-92.29	53210	73	11.04
1	2015-11-09 08:08	4.49	67.1	25.58	6.23	-92.28	53210	73	11.05
1	2015-11-09 08:10	4.48	66.9	25.57	6.23	-92.3	53140	73	11.07
1	2015-11-09 08:12	4.48	67	25.57	6.23	-92.28	53240	73	11.07
1	2015-11-09 08:14	4.48	67	25.58	6.23	-92.28	53170	73	11.05
1	2015-11-09 08:16	4.45	66.5	25.58	6.23	-92.27	53200	74	11.04
1	2015-11-09 08:18	4.48	66.9	25.58	6.24	-92.26	53270	74	11.05
1	2015-11-09 08:20	4.56	68.2	25.59	6.24	-92.22	53210	73	11.07
1	2015-11-09 08:22	4.59	68.6	25.59	6.24	-92.21	53180	73	11.05
1	2015-11-09 08:24	4.57	68.2	25.56	6.25	-92.2	53210	74	11.05
1	2015-11-09 08:26	4.53	67.7	25.55	6.25	-92.2	53240	74	11.02
1	2015-11-09 08:28	4.49	67.1	25.56	6.24	-92.22	53150	74	11.04
1	2015-11-09 08:30	4.49	67	25.56	6.25	-92.17	53150	74	11.04
1	2015-11-09 08:32	4.47	66.8	25.57	6.25	-92.18	53180	74	11.04
1	2015-11-09 08:34	4.45	66.5	25.57	6.25	-92.17	53160	74	11.04
1	2015-11-09 08:36	4.44	66.4	25.57	6.26	-92.13	53250	74	11.05
1	2015-11-09 08:38	4.43	66.2	25.56	6.26	-92.11	53240	74	11.05
1	2015-11-09 08:40	4.41	65.9	25.57	6.26	-92.11	53250	74	11.04
1	2015-11-09 08:42	4.41	65.8	25.57	6.26	-92.13	53130	74	11.05
1	2015-11-09 08:44	4.43	66.2	25.57	6.27	-92.08	53130	74	11.07
1	2015-11-09 08:46	4.45	66.5	25.57	6.27	-92.09	53300	74	11.05
1	2015-11-09 08:48	4.44	66.3	25.57	6.26	-92.09	53160	74	11.04
1	2015-11-09 08:50	4.46	66.6	25.57	6.27	-92.04	53160	74	11.05
1	2015-11-09 08:52	4.47	66.8	25.57	6.28	-92.03	53170	74	11.05
1	2015-11-09 08:54	4.46	66.6	25.57	6.28	-92.02	53280	74	11.02
1	2015-11-09 08:56	4.48	67	25.57	6.28	-92.02	53280	74	11.02
1	2015-11-09 08:58	4.5	67.3	25.57	6.28	-92.01	53200	74	11.04
1	2015-11-09 09:00	4.51	67.4	25.57	6.29	-91.97	53190	74	11.05
1	2015-11-09 09:02	4.5	67.2	25.58	6.28	-91.98	53140	74	11.04
1	2015-11-09 09:04	4.52	67.5	25.59	6.28	-91.98	53210	74	11.04
1	2015-11-09 09:06	4.56	68.1	25.57	6.29	-91.97	53140	74	11.05
1	2015-11-09 09:08	4.55	68	25.59	6.29	-91.96	53250	74	11.02
1	2015-11-09 09:10	4.55	67.9	25.59	6.29	-91.95	53190	74	11.05
1	2015-11-09 09:12	4.55	68	25.6	6.29	-91.95	53220	74	11.04
1	2015-11-09 09:14	4.56	68.1	25.6	6.29	-91.95	53200	74	11.05
1	2015-11-09 09:16	4.55	68.1	25.61	6.3	-91.87	53190	74	11
1	2015-11-09 09:18	4.55	68	25.62	6.3	-91.86	53230	74	11.02
1	2015-11-09 09:20	4.53	67.7	25.63	6.31	-91.84	53110	74	11.04
1	2015-11-09 09:22	4.52	67.7	25.63	6.31	-91.83	53230	74	11.02
1	2015-11-09 09:24	4.52	67.6	25.63	6.31	-91.83	53240	74	11.02
1	2015-11-09 09:26	4.54	67.9	25.63	6.31	-91.83	53270	74	11
1	2015-11-09 09:28	4.53	67.8	25.64	6.32	-91.79	53230	74	11.02
1	2015-11-09 09:30	4.56	68.2	25.64	6.31	-91.81	53210	75	11.02
1	2015-11-09 09:32	4.61	69	25.64	6.32	-91.78	53230	75	11.04
1	2015-11-09 09:34	4.67	69.9	25.65	6.33	-91.74	53210	75	11
1	2015-11-09 09:36	4.76	71.3	25.67	6.33	-91.7	53230	75	11.04
1	2015-11-09 09:38	4.82	72.1	25.67	6.34	-91.63	53160	75	10.99
1	2015-11-09 09:40	4.86	72.8	25.68	6.34	-91.64	53190	75	11
1	2015-11-09 09:42	4.88	73	25.69	6.35	-91.59	53210	75	11.02
1	2015-11-09 09:44	4.89	73.2	25.7	6.36	-91.54	53220	75	11.02
1	2015-11-09 09:46	4.88	73	25.7	6.37	-91.49	53240	75	10.9
1	2015-11-09 09:48	4.84	72.5	25.7	6.38	-91.44	53180	75	11
1	2015-11-09 09:50	4.85	72.7	25.71	6.38	-91.45	53290	75	11.04
1	2015-11-09 09:52	4.86	72.8	25.73	6.39	-91.38	53230	75	11
1	2015-11-09 09:54	4.9	73.4	25.74	6.39	-91.35	53150	75	11.02
1	2015-11-09 09:56	4.93	74	25.76	6.4	-91.33	53300	75	11
1	2015-11-09 09:58	4.96	74.3	25.76	6.4	-91.3	53150	75	11.02
1	2015-11-09 10:00	4.98	74.7	25.78	6.41	-91.25	53260	75	11.02
1	2015-11-09 10:02	4.99	74.8	25.79	6.42	-91.21	53240	75	11
1	2015-11-09 10:04	5.02	75.3	25.82	6.42	-91.21	53210	75	11.02
1	2015-11-09 10:06	5.04	75.6	25.84	6.42	-91.21	53180	75	11.02
1	2015-11-09 10:08	5.06	75.9	25.82	6.43	-91.15	53210	75	11
1	2015-11-09 10:10	5.09	76.4	25.82	6.43	-91.14	53350	75	11
1	2015-11-09 10:12	5.07	76.2	25.86	6.44	-91.07	53320	75	11.02
1	2015-11-09 10:14	5.07	76.2	25.9	6.45	-91.05	53260	75	11
1	2015-11-09 10:16	5.08	76.4	25.93	6.45	-91.03	53270	76	11.02
1	2015-11-09 10:18	5.12	77.1	25.94	6.46	-90.98	53230	76	11.02
1	2015-11-09 10:20	5.18	77.8	25.95	6.46	-90.97	53240	76	11.02
1	2015-11-09 10:22	5.22	78.5	25.97	6.46	-90.95	53230	76	11.02
1	2015-11-09 10:24	5.26	79.2	25.97	6.47	-90.9	53290	76	11
1	2015-11-09 10:26	5.25	79	25.99	6.48	-90.88	53290	75	10.9
1	2015-11-09 10:28	5.26	79.2	26.02	6.47	-90.9	53280	75	10.99
1	2015-11-09 10:30	5.31	80	26.06	6.48	-90.85	53310	75	11.02
1	2015-11-09 10:32	5.35	80.5	26.03	6.48	-90.85	53240	75	10.99
1	2015-11-09 10:34	5.39	81.2	26.01	6.48	-90.84	53260	75	11
1	2015-11-09 10:36	5.47	82.4	26.04	6.48	-90.83	53320	75	11
1	2015-11-09 10:38	5.49	82.6	26.04	6.49	-90.82	53220	76	11
1	2015-11-09 10:40	5.57	83.9	26.02	6.49	-90.78	53250	76	11
1	2015-11-09 10:42	5.57	83.8	26.05	6.49	-90.79	53210	76	10.99
1	2015-11-09 10:44	5.54	83.6	26.09	6.49	-90.79	53330	76	11
1	2015-11-09 10:46	5.55	83.6	26.12	6.5	-90.73	53200	76	10.99
1	2015-11-09 10:48	5.5	83.1	26.18	6.51	-90.68	53330	76	10.97
1	2015-11-09 10:50	5.44	82.2	26.25	6.52	-90.63	53340	75	10.99
1	2015-11-09 10:52	5.4	81.7	26.25	6.52	-90.65	53370	75	10.99
1	2015-11-09 10:54	5.48	82.9	26.28	6.51	-90.66	53330	75	11.02
1	2015-11-09 10:56	5.58	84.5	26.34	6.52	-90.66	53400	74	10.97
1	2015-11-09 10:58	5.65	85.6	26.36	6.51	-90.67	53340	75	10.99
1	2015-11-09 11:00	5.66	85.8	26.39	6.51	-90.68	53300	74	10.99
1	2015-11-09 11:02	5.62	85.2	26.37	6.51	-90.69	53330	74	10.97
1	2015-11-09 11:04	5.7	86.3	26.38	6.5	-90.73	53340	74	10.99
1	2015-11-09 11:06	5.75	87.2	26.41	6.5	-90.77	53160	74	11.02
1	2015-11-09 11:08	5.82	88.2	26.36	6.49	-90.82	53370	74	11
1	2015-11-09 11:10	5.88	89.1	26.35	6.5	-90.77	53250	75	11
1	2015-11-09 11:12	5.91	89.6	26.44	6.5	-90.77	53330	75	11.02
1	2015-11-09 11:14	6.02	91.1	26.4	6.5	-90.75	53220	75	11
1	2015-11-09 11:16	6.09	92.2	26.37	6.51	-90.7	53260	75	10.99
1	2015-11-09 11:18	6.1	92.5	26.45	6.52	-90.65	53230	76	11
1	2015-11-09 11:20	6.13	93	26.43	6.53	-90.59	53340	76	10.99
1	2015-11-09 11:22	6.18	93.6	26.41	6.54	-90.52	53220	76	11
1	2015-11-09 11:24	6.23	94.6	26.44	6.54	-90.49	53370	76	10.97
1	2015-11-09 11:26	6.26	95	26.45	6.56	-90.43	53310	76	11
1	2015-11-09 11:28	6.3	95.6	26.45	6.57	-90.35	53250	76	10.97
1	2015-11-09 11:30	6.33	96	26.5	6.58	-90.29	53270	76	11
1	2015-11-09 11:32	6.37	96.7	26.48	6.59	-90.23	53200	76	10.99
1	2015-11-09 11:34	6.4	97.1	26.47	6.59	-90.2	53330	76	11
1	2015-11-09 11:36	6.45	97.9	26.51	6.6	-90.16	53280	77	11
1	2015-11-09 11:38	6.49	98.5	26.5	6.61	-90.09	53370	77	10.97
1	2015-11-09 11:40	6.5	98.7	26.52	6.62	-90.04	53340	77	11
1	2015-11-09 11:42	6.52	99	26.56	6.63	-89.99	53290	77	10.99
1	2015-11-09 11:44	6.56	99.6	26.55	6.64	-89.95	53230	77	10.99
1	2015-11-09 11:46	6.58	100	26.6	6.65	-89.88	53270	77	10.99
1	2015-11-09 11:48	6.6	100.3	26.55	6.66	-89.82	53380	77	10.99
1	2015-11-09 11:50	6.63	100.8	26.56	6.67	-89.76	53280	77	10.99
1	2015-11-09 11:52	6.66	101.2	26.58	6.68	-89.69	53280	77	10.97
1	2015-11-09 11:54	6.68	101.5	26.61	6.69	-89.63	53200	77	10.99
1	2015-11-09 11:56	6.67	101.6	26.66	6.71	-89.55	53320	77	10.99
1	2015-11-09 11:58	6.67	101.5	26.63	6.72	-89.46	53250	77	11
1	2015-11-09 12:00	6.7	101.9	26.65	6.73	-89.4	53190	78	10.97
1	2015-11-09 12:02	6.74	102.5	26.63	6.74	-89.39	53180	78	10.99
1	2015-11-09 12:04	6.78	103.1	26.68	6.75	-89.32	53170	78	10.95
1	2015-11-09 12:06	6.8	103.5	26.67	6.76	-89.27	53280	78	10.99
1	2015-11-09 12:08	6.81	103.8	26.7	6.76	-89.24	53250	78	10.99
1	2015-11-09 12:10	6.83	103.9	26.68	6.77	-89.19	53250	78	10.95
1	2015-11-09 12:12	6.86	104.4	26.66	6.77	-89.19	53310	78	10.99
1	2015-11-09 12:14	6.88	104.8	26.69	6.78	-89.15	53320	78	10.99
1	2015-11-09 12:16	6.89	104.9	26.71	6.79	-89.09	53200	78	10.99
1	2015-11-09 12:18	6.9	105.1	26.7	6.79	-89.09	53320	78	10.99
1	2015-11-09 12:20	6.93	105.6	26.74	6.79	-89.05	53330	78	10.99
1	2015-11-09 12:22	6.96	106	26.74	6.8	-89.03	53240	78	10.99
1	2015-11-09 12:24	6.95	105.9	26.72	6.8	-89.02	53290	78	10.99
1	2015-11-09 12:26	6.95	106	26.74	6.81	-88.97	53250	78	10.99
1	2015-11-09 12:28	6.95	105.9	26.71	6.81	-88.96	53280	79	10.97
1	2015-11-09 12:30	6.96	106.2	26.75	6.82	-88.9	53330	80	10.99
1	2015-11-09 12:32	6.97	106.3	26.75	6.82	-88.91	53350	79	10.95
1	2015-11-09 12:34	6.97	106.3	26.75	6.83	-88.85	53280	78	10.99
1	2015-11-09 12:36	7	106.7	26.75	6.83	-88.86	53240	78	10.99
1	2015-11-09 12:38	7	106.6	26.75	6.83	-88.82	53210	79	10.95
1	2015-11-09 12:40	7.01	106.8	26.77	6.84	-88.78	53300	82	10.95
1	2015-11-09 12:42	7.02	107	26.79	6.85	-88.75	53230	81	10.99
1	2015-11-09 12:44	7.04	107.4	26.79	6.85	-88.73	53290	82	10.97
1	2015-11-09 12:46	7.08	107.9	26.84	6.86	-88.66	53150	82	10.95
1	2015-11-09 12:48	7.11	108.4	26.8	6.86	-88.65	53260	81	10.99
1	2015-11-09 12:50	7.13	108.8	26.8	6.86	-88.67	53290	80	10.97
1	2015-11-09 12:52	7.12	108.6	26.81	6.86	-88.66	53230	79	10.99
1	2015-11-09 12:54	7.13	108.7	26.8	6.87	-88.64	53210	78	10.93
1	2015-11-09 12:56	7.11	108.4	26.79	6.87	-88.63	53310	78	10.95
1	2015-11-09 12:58	7.1	108.4	26.81	6.87	-88.63	53350	79	10.93
1	2015-11-09 13:00	7.1	108.3	26.84	6.87	-88.61	53210	80	10.99
1	2015-11-09 13:02	7.11	108.6	26.82	6.88	-88.58	53360	81	10.97
1	2015-11-09 13:04	7.13	108.9	26.86	6.89	-88.5	53320	80	10.95
1	2015-11-09 13:06	7.16	109.4	26.85	6.9	-88.46	53430	80	10.99
1	2015-11-09 13:08	7.2	109.9	26.86	6.9	-88.44	53370	80	10.97
1	2015-11-09 13:10	7.21	110.2	26.87	6.91	-88.36	53340	80	10.99
1	2015-11-09 13:12	7.22	110.3	26.91	6.93	-88.3	53330	80	10.97
1	2015-11-09 13:14	7.25	110.8	26.88	6.93	-88.28	53440	80	10.93
1	2015-11-09 13:16	7.26	111	26.93	6.93	-88.27	53380	80	10.97
1	2015-11-09 13:18	7.29	111.4	26.95	6.94	-88.23	53210	80	10.93
1	2015-11-09 13:20	7.33	112.2	26.96	6.95	-88.18	53330	81	10.97
1	2015-11-09 13:22	7.34	112.4	26.96	6.95	-88.15	53310	80	10.97
1	2015-11-09 13:24	7.37	112.7	26.95	6.96	-88.12	53370	79	10.95
1	2015-11-09 13:26	7.37	112.8	26.96	6.96	-88.11	53390	80	10.97
1	2015-11-09 13:28	7.4	113.3	27.02	6.97	-88.05	53290	81	10.93
1	2015-11-09 13:30	7.45	114	27.02	6.97	-88.02	53270	81	10.97
1	2015-11-09 13:32	7.46	114.2	27.03	6.98	-88	53260	81	10.93
1	2015-11-09 13:34	7.51	115	27	6.98	-87.97	53210	80	10.97
1	2015-11-09 13:36	7.51	115	27.05	6.99	-87.91	53260	80	10.95
1	2015-11-09 13:38	7.56	115.7	27.02	7	-87.89	53350	79	10.97
1	2015-11-09 13:40	7.54	115.5	27.03	7	-87.86	53280	79	10.93
1	2015-11-09 13:42	7.52	115.2	27.04	7.01	-87.83	53320	80	10.95
1	2015-11-09 13:44	7.5	114.9	27.1	7.02	-87.81	53300	80	10.97
1	2015-11-09 13:46	7.55	115.6	27.07	7.03	-87.77	53270	80	10.93
1	2015-11-09 13:48	7.57	116.1	27.07	7.04	-87.72	53370	81	10.97
1	2015-11-09 13:50	7.59	116.3	27.07	7.05	-87.7	53320	80	10.93
1	2015-11-09 13:52	7.61	116.6	27.06	7.04	-87.72	53450	79	10.93
1	2015-11-09 13:54	7.58	116.2	27.08	7.04	-87.73	53340	79	10.97
1	2015-11-09 13:56	7.58	116.1	27.06	7.04	-87.73	53390	79	10.95
1	2015-11-09 13:58	7.57	116.1	27.1	7.05	-87.71	53420	79	10.93
1	2015-11-09 14:00	7.58	116.3	27.11	7.06	-87.67	53320	79	10.93
1	2015-11-09 14:02	7.61	116.7	27.13	7.06	-87.66	53260	79	10.95
1	2015-11-09 14:04	7.67	117.7	27.12	7.07	-87.63	53340	79	10.93
1	2015-11-09 14:06	7.7	118.1	27.12	7.07	-87.64	53310	79	10.93
1	2015-11-09 14:08	7.69	118	27.14	7.07	-87.64	53230	79	10.93
1	2015-11-09 14:10	7.7	118.1	27.13	7.07	-87.63	53420	79	10.95
1	2015-11-09 14:12	7.71	118.3	27.13	7.07	-87.65	53320	79	10.95
1	2015-11-09 14:14	7.72	118.4	27.12	7.07	-87.61	53330	79	10.95
1	2015-11-09 14:16	7.69	117.9	27.14	7.09	-87.57	53300	79	10.93
1	2015-11-09 14:18	7.69	117.9	27.12	7.08	-87.6	53350	79	10.95
1	2015-11-09 14:20	7.69	118.1	27.16	7.09	-87.56	53360	79	10.95
1	2015-11-09 14:22	7.69	118	27.17	7.1	-87.54	53320	79	10.95
1	2015-11-09 14:24	7.71	118.3	27.17	7.09	-87.55	53180	79	10.93
1	2015-11-09 14:26	7.74	118.7	27.17	7.1	-87.53	53360	79	10.95
1	2015-11-09 14:28	7.76	119	27.16	7.11	-87.5	53320	79	10.97
1	2015-11-09 14:30	7.77	119.3	27.17	7.1	-87.51	53280	79	10.95
1	2015-11-09 14:32	7.74	118.8	27.16	7.11	-87.5	53360	79	10.95
1	2015-11-09 14:34	7.73	118.6	27.16	7.1	-87.52	53270	79	10.92
1	2015-11-09 14:36	7.74	118.8	27.15	7.1	-87.54	53280	79	10.93
1	2015-11-09 14:38	7.75	118.8	27.16	7.1	-87.51	53260	79	10.83
1	2015-11-09 14:40	7.72	118.5	27.16	7.1	-87.52	53290	79	10.92
1	2015-11-09 14:42	7.73	118.6	27.15	7.1	-87.52	53250	80	10.93
1	2015-11-09 14:44	7.74	118.7	27.15	7.1	-87.53	53200	79	10.95
1	2015-11-09 14:46	7.74	118.7	27.16	7.11	-87.5	53330	79	10.95
1	2015-11-09 14:48	7.72	118.5	27.17	7.11	-87.51	53310	79	10.93
1	2015-11-09 14:50	7.72	118.4	27.16	7.11	-87.51	53320	79	10.92
1	2015-11-09 14:52	7.71	118.4	27.16	7.11	-87.5	53390	79	10.93
1	2015-11-09 14:54	7.72	118.4	27.15	7.12	-87.47	53300	79	10.93
1	2015-11-09 14:56	7.72	118.4	27.16	7.11	-87.49	53340	79	10.95
1	2015-11-09 14:58	7.7	118.3	27.17	7.12	-87.47	53310	79	10.92
1	2015-11-09 15:00	7.7	118.1	27.18	7.12	-87.47	53280	79	10.93
1	2015-11-09 15:02	7.69	118.1	27.17	7.12	-87.46	53280	79	10.92
1	2015-11-09 15:04	7.7	118.1	27.16	7.12	-87.47	53250	79	10.92
1	2015-11-09 15:06	7.7	118.1	27.16	7.13	-87.42	53280	80	10.92
1	2015-11-09 15:08	7.7	118.2	27.15	7.13	-87.41	53320	80	10.92
1	2015-11-09 15:10	7.7	118.2	27.14	7.14	-87.4	53410	80	10.93
1	2015-11-09 15:12	7.7	118.2	27.15	7.13	-87.4	53430	80	10.93
1	2015-11-09 15:14	7.72	118.5	27.17	7.14	-87.4	53340	79	10.92
1	2015-11-09 15:16	7.69	118	27.16	7.15	-87.36	53270	80	10.93
1	2015-11-09 15:18	7.69	118	27.17	7.15	-87.36	53300	79	10.92
1	2015-11-09 15:20	7.7	118.2	27.17	7.15	-87.36	53330	80	10.92
1	2015-11-09 15:22	7.68	117.9	27.16	7.14	-87.37	53340	80	10.9
1	2015-11-09 15:24	7.67	117.7	27.14	7.15	-87.36	53320	80	10.93
1	2015-11-09 15:26	7.68	117.8	27.15	7.15	-87.34	53330	80	10.9
1	2015-11-09 15:28	7.68	117.9	27.16	7.15	-87.34	53320	80	10.93
1	2015-11-09 15:30	7.7	118	27.15	7.16	-87.33	53220	80	10.92
1	2015-11-09 15:32	7.66	117.6	27.14	7.17	-87.28	53360	80	10.93
1	2015-11-09 15:34	7.66	117.6	27.15	7.16	-87.3	53410	80	10.93
1	2015-11-09 15:36	7.68	117.8	27.13	7.16	-87.3	53360	80	10.93
1	2015-11-09 15:38	7.69	117.9	27.13	7.17	-87.29	53360	80	10.9
1	2015-11-09 15:40	7.67	117.7	27.14	7.18	-87.25	53270	80	10.9
1	2015-11-09 15:42	7.67	117.7	27.14	7.18	-87.23	53370	80	10.92
1	2015-11-09 15:44	7.68	117.8	27.14	7.18	-87.24	53300	80	10.9
1	2015-11-09 15:46	7.67	117.7	27.13	7.18	-87.24	53300	80	10.9
1	2015-11-09 15:48	7.67	117.6	27.14	7.19	-87.22	53300	80	10.92
1	2015-11-09 15:50	7.66	117.6	27.13	7.18	-87.24	53310	80	10.93
1	2015-11-09 15:52	7.67	117.6	27.13	7.18	-87.23	53300	80	10.87
1	2015-11-09 15:54	7.68	117.7	27.12	7.19	-87.21	53190	80	10.92
1	2015-11-09 15:56	7.66	117.4	27.12	7.18	-87.23	53280	80	10.92
1	2015-11-09 15:58	7.65	117.3	27.13	7.19	-87.21	53280	80	10.88
1	2015-11-09 16:00	7.63	117.1	27.11	7.2	-87.18	53370	80	10.9
1	2015-11-09 16:02	7.64	117.1	27.11	7.2	-87.18	53330	80	10.92
1	2015-11-09 16:04	7.62	116.9	27.1	7.2	-87.19	53290	80	10.92
1	2015-11-09 16:06	7.61	116.7	27.11	7.19	-87.2	53330	80	10.9
1	2015-11-09 16:08	7.61	116.7	27.1	7.2	-87.17	53290	80	10.82
1	2015-11-09 16:10	7.61	116.6	27.09	7.21	-87.15	53250	80	10.9
1	2015-11-09 16:12	7.6	116.5	27.09	7.21	-87.14	53360	80	10.92
1	2015-11-09 16:14	7.58	116.2	27.08	7.22	-87.11	53290	80	10.92
1	2015-11-09 16:16	7.58	116.2	27.09	7.21	-87.13	53330	80	10.9
1	2015-11-09 16:18	7.56	115.9	27.08	7.23	-87.09	53310	80	10.9
1	2015-11-09 16:20	7.57	116	27.08	7.22	-87.1	53280	80	10.9
1	2015-11-09 16:22	7.56	115.8	27.07	7.22	-87.09	53270	80	10.92
1	2015-11-09 16:24	7.55	115.6	27.06	7.22	-87.1	53250	80	10.9
1	2015-11-09 16:26	7.56	115.8	27.05	7.23	-87.07	53320	80	10.88
1	2015-11-09 16:28	7.55	115.6	27.05	7.23	-87.08	53290	80	10.88
1	2015-11-09 16:30	7.53	115.4	27.06	7.24	-87.04	53280	80	10.92
1	2015-11-09 16:32	7.51	115.1	27.04	7.24	-87.02	53350	80	10.88
1	2015-11-09 16:34	7.53	115.3	27.04	7.24	-87.03	53300	80	10.9
1	2015-11-09 16:36	7.49	114.8	27.04	7.25	-87.01	53320	80	10.88
1	2015-11-09 16:38	7.48	114.6	27.04	7.24	-87.03	53370	80	10.9
1	2015-11-09 16:40	7.48	114.5	27.03	7.24	-87.02	53290	81	10.9
1	2015-11-09 16:42	7.48	114.6	27.03	7.25	-87.01	53350	81	10.92
1	2015-11-09 16:44	7.47	114.3	27.02	7.25	-87.02	53290	80	10.88
1	2015-11-09 16:46	7.46	114.2	27.02	7.24	-87.04	53270	81	10.9
1	2015-11-09 16:48	7.47	114.4	27.01	7.24	-87.03	53400	81	10.88
1	2015-11-09 16:50	7.48	114.4	27	7.26	-86.97	53220	80	10.92
1	2015-11-09 16:52	7.46	114.1	27	7.27	-86.94	53250	80	10.8
1	2015-11-09 16:54	7.44	113.9	26.99	7.27	-86.94	53330	81	10.9
1	2015-11-09 16:56	7.44	113.8	26.99	7.27	-86.94	53310	80	10.9
1	2015-11-09 16:58	7.41	113.4	27	7.26	-86.98	53290	81	10.88
1	2015-11-09 17:00	7.42	113.6	26.98	7.27	-86.92	53340	80	10.9
1	2015-11-09 17:02	7.39	113.1	26.98	7.27	-86.92	53310	81	10.87
1	2015-11-09 17:04	7.39	113	26.97	7.28	-86.91	53340	81	10.9
1	2015-11-09 17:06	7.37	112.7	26.97	7.28	-86.9	53370	81	10.88
1	2015-11-09 17:08	7.36	112.7	26.97	7.28	-86.91	53370	81	10.9
1	2015-11-09 17:10	7.37	112.8	26.96	7.29	-86.88	53320	81	10.88
1	2015-11-09 17:12	7.37	112.6	26.96	7.28	-86.88	53210	81	10.88
1	2015-11-09 17:14	7.35	112.4	26.96	7.29	-86.87	53280	81	10.87
1	2015-11-09 17:16	7.35	112.4	26.96	7.3	-86.84	53230	81	10.88
1	2015-11-09 17:18	7.32	112	26.94	7.3	-86.84	53380	81	10.88
1	2015-11-09 17:20	7.31	111.8	26.94	7.3	-86.83	53300	81	10.88
1	2015-11-09 17:22	7.32	111.9	26.94	7.31	-86.81	53270	81	10.87
1	2015-11-09 17:24	7.31	111.7	26.94	7.3	-86.83	53330	81	10.88
1	2015-11-09 17:26	7.3	111.6	26.93	7.3	-86.82	53270	81	10.87
1	2015-11-09 17:28	7.28	111.3	26.92	7.3	-86.83	53290	81	10.88
1	2015-11-09 17:30	7.27	111	26.91	7.31	-86.77	53320	81	10.87
1	2015-11-09 17:32	7.26	111.1	26.91	7.31	-86.8	53400	81	10.9
1	2015-11-09 17:34	7.25	110.8	26.91	7.3	-86.82	53270	81	10.85
1	2015-11-09 17:36	7.25	110.7	26.91	7.31	-86.81	53200	81	10.9
1	2015-11-09 17:38	7.23	110.5	26.9	7.31	-86.78	53330	81	10.88
1	2015-11-09 17:40	7.21	110.2	26.9	7.32	-86.76	53310	81	10.87
1	2015-11-09 17:42	7.2	110	26.89	7.32	-86.77	53340	81	10.85
1	2015-11-09 17:44	7.2	110	26.89	7.32	-86.76	53330	81	10.88
1	2015-11-09 17:46	7.2	109.9	26.89	7.33	-86.73	53190	81	10.87
1	2015-11-09 17:48	7.16	109.4	26.88	7.33	-86.73	53310	81	10.78
1	2015-11-09 17:50	7.14	109.2	26.87	7.32	-86.75	53420	81	10.88
1	2015-11-09 17:52	7.15	109.1	26.87	7.33	-86.72	53160	81	10.85
1	2015-11-09 17:54	7.13	108.8	26.86	7.33	-86.71	53300	81	10.87
1	2015-11-09 17:56	7.12	108.7	26.85	7.33	-86.71	53200	81	10.85
1	2015-11-09 17:58	7.1	108.4	26.85	7.34	-86.7	53350	81	10.85
1	2015-11-09 18:00	7.08	108.1	26.85	7.33	-86.71	53350	81	10.85
1	2015-11-09 18:02	7.07	107.9	26.85	7.34	-86.7	53310	81	10.85
1	2015-11-09 18:04	9.02	104.5	22.62	8.15	-83.92	68.5	104	10.82
