SENS_ID	SDN	TC	COND	O2	O2satper	pHinsitu	ORP	Vbatt	VpH
3	2015-11-09 19:14	27.72	3890	8.23	106	7.93	176	12.46	-50.23
3	2015-11-09 19:16	26.91	54790	6.44	99.1	8.55	158	12.51	-88.39
3	2015-11-09 19:18	26.94	54910	6.22	95.8	8.5	147	12.46	-85.4
3	2015-11-09 19:20	26.95	54770	6.08	93.5	8.53	143	12.46	-86.9
3	2015-11-09 19:22	26.86	54880	5.95	91.5	8.55	142	12.48	-87.88
3	2015-11-09 19:24	26.85	54830	5.89	90.5	8.55	140	12.48	-88.21
3	2015-11-09 19:26	26.89	54790	5.82	89.5	8.55	141	12.45	-87.99
3	2015-11-09 19:28	26.89	54710	5.77	88.6	8.54	140	12.45	-87.85
3	2015-11-09 19:30	26.9	54780	5.7	87.6	8.54	142	12.45	-87.75
3	2015-11-09 19:32	26.91	54790	5.61	86.2	8.54	141	12.45	-87.56
3	2015-11-09 19:34	26.9	54760	5.53	85	8.54	139	12.45	-87.37
3	2015-11-09 19:36	26.89	54890	5.46	84	8.53	140	12.45	-87.13
3	2015-11-09 19:38	26.89	54860	5.36	82.5	8.53	140	12.4	-86.95
3	2015-11-09 19:40	26.92	54890	5.33	82	8.53	140	12.41	-86.85
3	2015-11-09 19:42	26.93	54880	5.31	81.7	8.53	138	12.43	-86.7
3	2015-11-09 19:44	26.9	54850	5.31	81.6	8.52	138	12.4	-86.66
3	2015-11-09 19:46	26.91	54870	5.3	81.6	8.53	138	12.41	-86.76
3	2015-11-09 19:48	26.91	54810	5.32	81.8	8.53	136	12.41	-86.85
3	2015-11-09 19:50	26.92	54770	5.31	81.7	8.53	137	12.41	-86.81
3	2015-11-09 19:52	26.91	54910	5.25	80.7	8.52	136	12.4	-86.54
3	2015-11-09 19:54	26.89	54900	5.2	80	8.52	136	12.38	-86.42
3	2015-11-09 19:56	26.9	54710	5.16	79.3	8.52	136	12.38	-86.53
3	2015-11-09 19:58	26.89	54840	5.11	78.7	8.52	135	12.38	-86.31
3	2015-11-09 20:00	26.9	54970	5.08	78.2	8.52	136	12.36	-86.19
3	2015-11-09 20:02	26.9	54780	5.05	77.6	8.51	137	12.38	-86.1
3	2015-11-09 20:04	26.9	54950	5.08	78.2	8.51	137	12.34	-85.93
3	2015-11-09 20:06	26.9	54710	5.09	78.3	8.51	137	12.36	-85.79
3	2015-11-09 20:08	26.88	54790	5.08	78.1	8.51	136	12.33	-85.7
3	2015-11-09 20:10	26.88	54790	5.08	78	8.51	136	12.34	-85.61
3	2015-11-09 20:12	26.9	54840	5.13	79	8.51	137	12.34	-85.47
3	2015-11-09 20:14	26.91	54840	5.19	79.8	8.51	137	12.34	-85.43
3	2015-11-09 20:16	26.9	54750	5.16	79.4	8.5	136	12.33	-85.5
3	2015-11-09 20:18	26.91	54930	5.12	78.8	8.5	137	12.31	-85.29
3	2015-11-09 20:20	26.91	54790	5.08	78.1	8.5	137	12.33	-85.1
3	2015-11-09 20:22	26.91	54740	5.07	77.9	8.5	137	12.29	-84.89
3	2015-11-09 20:24	26.89	54610	5.04	77.4	8.49	136	12.31	-84.71
3	2015-11-09 20:26	26.88	54890	5.09	78.3	8.49	136	12.29	-84.77
3	2015-11-09 20:28	26.89	54770	5.18	79.7	8.5	135	12.31	-84.89
3	2015-11-09 20:30	26.89	54870	5.19	79.9	8.49	136	12.28	-84.73
3	2015-11-09 20:32	26.89	54860	5.21	80.2	8.49	138	12.28	-84.57
3	2015-11-09 20:34	26.88	54840	5.17	79.5	8.49	139	12.29	-84.54
3	2015-11-09 20:36	26.88	54790	5.12	78.7	8.48	138	12.24	-84.18
3	2015-11-09 20:38	26.89	54760	5.14	79	8.48	137	12.28	-84.08
3	2015-11-09 20:40	26.9	54880	5.18	79.6	8.49	138	12.28	-84.23
3	2015-11-09 20:42	26.88	54900	5.11	78.6	8.48	138	12.24	-83.96
3	2015-11-09 20:44	26.88	54830	5.03	77.3	8.48	139	12.26	-83.69
3	2015-11-09 20:46	26.89	54770	5.01	77.1	8.47	139	12.26	-83.52
3	2015-11-09 20:48	26.89	54800	5.04	77.5	8.47	139	12.24	-83.67
3	2015-11-09 20:50	26.87	54800	5.05	77.6	8.48	138	12.24	-83.6
3	2015-11-09 20:52	26.87	54910	5.06	77.8	8.47	138	12.24	-83.59
3	2015-11-09 20:54	26.88	54770	5.02	77.1	8.47	139	12.21	-83.34
3	2015-11-09 20:56	26.87	54850	4.97	76.4	8.47	140	12.24	-83.2
3	2015-11-09 20:58	26.87	54670	4.92	75.7	8.46	141	12.23	-82.9
3	2015-11-09 21:00	26.87	54830	4.86	74.7	8.46	141	12.23	-82.75
3	2015-11-09 21:02	26.88	54770	4.81	73.9	8.46	141	12.19	-82.52
3	2015-11-09 21:04	26.87	54940	4.77	73.4	8.45	141	12.21	-82.43
3	2015-11-09 21:06	26.87	54760	4.72	72.5	8.45	141	12.21	-82.29
3	2015-11-09 21:08	26.86	54770	4.68	71.9	8.45	141	12.21	-82.12
3	2015-11-09 21:10	26.87	54760	4.66	71.6	8.45	141	12.19	-81.97
3	2015-11-09 21:12	26.86	54700	4.61	70.8	8.45	139	12.19	-81.89
3	2015-11-09 21:14	26.88	54790	4.6	70.7	8.44	139	12.17	-81.86
3	2015-11-09 21:16	26.87	54750	4.58	70.3	8.44	139	12.17	-81.71
3	2015-11-09 21:18	26.87	54730	4.53	69.6	8.44	139	12.19	-81.57
3	2015-11-09 21:20	26.86	54780	4.51	69.3	8.44	139	12.17	-81.39
3	2015-11-09 21:22	26.85	54830	4.49	69	8.44	141	12.17	-81.38
3	2015-11-09 21:24	26.85	54810	4.46	68.5	8.43	141	12.16	-81.23
3	2015-11-09 21:26	26.84	54880	4.42	68	8.43	142	12.17	-81.12
3	2015-11-09 21:28	26.84	54810	4.4	67.7	8.43	141	12.16	-81.03
3	2015-11-09 21:30	26.85	54790	4.37	67.1	8.43	144	12.17	-80.96
3	2015-11-09 21:32	26.85	54850	4.35	66.9	8.43	143	12.16	-80.83
3	2015-11-09 21:34	26.85	54740	4.35	66.9	8.43	144	12.16	-80.72
3	2015-11-09 21:36	26.85	54840	4.37	67.2	8.42	142	12.07	-80.47
3	2015-11-09 21:38	26.85	54770	4.38	67.2	8.42	144	12.14	-80.39
3	2015-11-09 21:40	26.85	54630	0	0	8.21	147	12.14	-66.1
3	2015-11-09 21:42	26.85	54730	4.3	66.1	8.42	147	12.14	-80.14
3	2015-11-09 21:44	26.84	54930	4.28	65.7	8.41	147	12.14	-79.98
3	2015-11-09 21:46	26.85	54740	4.27	65.6	8.41	149	12.11	-79.89
3	2015-11-09 21:48	26.83	54730	4.27	65.5	8.41	149	12.12	-79.8
3	2015-11-09 21:50	26.85	54850	4.29	65.9	8.41	149	12.12	-79.75
3	2015-11-09 21:52	26.85	54630	4.29	65.9	8.41	147	12.11	-79.7
3	2015-11-09 21:54	26.86	54790	4.26	65.5	8.41	146	12.11	-79.62
3	2015-11-09 21:56	26.83	54900	4.25	65.4	8.4	145	12.09	-79.33
3	2015-11-09 21:58	26.82	54860	4.27	65.6	8.41	149	12.11	-79.52
3	2015-11-09 22:00	26.81	54790	4.35	66.9	8.41	150	12.11	-79.63
3	2015-11-09 22:02	26.81	54840	4.45	68.4	8.41	150	12.11	-79.78
3	2015-11-09 22:04	26.82	54750	4.54	69.8	8.41	149	12.07	-79.97
3	2015-11-09 22:06	26.83	54730	4.62	70.9	8.41	148	12.09	-80.04
3	2015-11-09 22:08	26.84	54730	4.72	72.5	8.42	148	12.09	-80.05
3	2015-11-09 22:10	26.85	54830	4.77	73.3	8.42	146	12.09	-80.14
3	2015-11-09 22:12	26.85	54750	4.75	72.9	8.42	145	12.06	-80.17
3	2015-11-09 22:14	26.85	54910	4.66	71.7	8.42	147	12.06	-80.05
3	2015-11-09 22:16	26.84	54760	4.64	71.3	8.41	144	12.07	-79.88
3	2015-11-09 22:18	26.85	54750	4.66	71.6	8.41	146	12.07	-79.79
3	2015-11-09 22:20	26.84	54780	4.66	71.7	8.41	147	12.04	-79.67
3	2015-11-09 22:22	26.85	54850	4.65	71.4	8.41	148	12.06	-79.43
3	2015-11-09 22:24	26.83	54860	4.56	70.1	8.4	150	12.04	-79.22
3	2015-11-09 22:26	26.83	54840	4.51	69.4	8.4	149	12.06	-79.15
3	2015-11-09 22:28	26.83	54760	4.46	68.5	8.4	150	12.04	-79.01
3	2015-11-09 22:30	26.82	54720	4.43	68	8.39	150	12.06	-78.82
3	2015-11-09 22:32	26.82	54800	4.39	67.4	8.4	150	11.99	-78.83
3	2015-11-09 22:33	26.83	54700	4.34	66.6	8.4	151	12.02	-78.88
3	2015-11-09 22:35	26.84	54820	4.24	65.2	8.4	153	12.04	-79.08
3	2015-11-09 22:37	26.85	54800	4.21	64.7	8.39	154	12.04	-78.73
3	2015-11-09 22:39	26.83	54790	4.15	63.8	8.39	152	12.02	-78.27
3	2015-11-09 22:41	26.84	54770	4.11	63.2	8.38	154	12.04	-77.99
3	2015-11-09 22:43	26.85	54780	4.12	63.3	8.38	155	12.02	-77.78
3	2015-11-09 22:45	26.84	54800	4.11	63.2	8.38	156	12.02	-77.77
3	2015-11-09 22:47	26.84	54770	4.1	62.9	8.38	154	11.99	-77.79
3	2015-11-09 22:49	26.83	54780	4.09	62.8	8.38	153	11.99	-77.74
3	2015-11-09 22:51	26.84	54790	4.08	62.7	8.37	156	12	-77.54
3	2015-11-09 22:53	26.83	54870	4.07	62.5	8.37	155	11.99	-77.42
3	2015-11-09 22:55	26.82	54820	4.06	62.3	8.37	156	11.97	-77.4
3	2015-11-09 22:57	26.81	54880	4.07	62.5	8.37	158	11.99	-77.46
3	2015-11-09 22:59	26.82	54830	4.1	63	8.37	159	11.99	-77.52
3	2015-11-09 23:01	26.82	54770	4.14	63.6	8.37	159	11.97	-77.51
3	2015-11-09 23:03	26.82	54750	4.13	63.5	8.38	158	11.99	-77.64
3	2015-11-09 23:05	26.83	54850	4.1	62.9	8.38	159	11.99	-77.63
3	2015-11-09 23:07	26.84	54650	4.07	62.5	8.37	160	11.99	-77.45
3	2015-11-09 23:09	26.84	54800	4.06	62.4	8.37	158	11.97	-77.35
3	2015-11-09 23:11	26.84	54800	4.04	62	8.37	160	11.97	-77.11
3	2015-11-09 23:13	26.84	54760	4.02	61.7	8.36	159	11.99	-76.99
3	2015-11-09 23:15	26.84	54840	3.99	61.4	8.36	159	11.97	-76.91
3	2015-11-09 23:17	26.83	54790	3.97	61	8.36	159	11.97	-76.91
3	2015-11-09 23:19	26.84	54840	3.96	60.8	8.36	160	11.94	-76.83
3	2015-11-09 23:21	26.81	54860	3.96	60.8	8.36	161	11.95	-76.87
3	2015-11-09 23:23	26.81	54810	3.95	60.7	8.36	161	11.95	-77.05
3	2015-11-09 23:25	26.82	54890	3.99	61.3	8.37	162	11.94	-77.16
3	2015-11-09 23:27	26.83	54930	4.02	61.8	8.37	163	11.95	-77.2
3	2015-11-09 23:29	26.83	54730	4.08	62.7	8.37	159	11.95	-77.17
3	2015-11-09 23:31	26.82	54930	4.14	63.6	8.37	161	11.95	-77.17
3	2015-11-09 23:33	26.82	54890	4.16	63.9	8.37	163	11.92	-77.04
3	2015-11-09 23:35	26.82	54790	4.17	64	8.37	165	11.94	-77.12
3	2015-11-09 23:37	26.82	54700	4.17	64	8.37	166	11.92	-77.18
3	2015-11-09 23:39	26.82	54890	4.17	64	8.37	165	11.94	-77.14
3	2015-11-09 23:41	26.81	54800	4.15	63.7	8.37	164	11.9	-77.11
3	2015-11-09 23:43	26.82	54860	4.14	63.6	8.37	165	11.9	-77.05
3	2015-11-09 23:45	26.81	54880	4.14	63.7	8.37	165	11.92	-76.96
3	2015-11-09 23:47	26.81	54970	4.15	63.8	8.36	165	11.9	-76.98
3	2015-11-09 23:49	26.8	54920	4.14	63.6	8.36	165	11.9	-76.84
3	2015-11-09 23:51	26.79	54930	4.15	63.7	8.36	166	11.9	-76.75
3	2015-11-09 23:53	26.78	54820	4.17	64	8.36	167	11.92	-76.79
3	2015-11-09 23:55	26.78	54810	4.19	64.4	8.36	169	11.9	-76.8
3	2015-11-09 23:57	26.78	54810	4.22	64.8	8.36	170	11.9	-76.76
3	2015-11-09 23:59	26.77	54890	4.26	65.3	8.36	170	11.92	-76.85
3	2015-11-10 00:01	26.77	54870	4.29	65.8	8.36	172	11.9	-76.87
3	2015-11-10 00:03	26.77	54890	4.33	66.4	8.37	173	11.89	-77.12
3	2015-11-10 00:05	26.75	54860	4.38	67.3	8.37	171	11.9	-77.27
3	2015-11-10 00:07	26.77	54780	4.44	68.2	8.37	170	11.89	-77.36
3	2015-11-10 00:09	26.75	54820	4.49	68.9	8.37	171	11.83	-77.49
3	2015-11-10 00:11	26.76	54820	4.54	69.7	8.38	168	11.89	-77.51
3	2015-11-10 00:13	26.76	54900	4.58	70.3	8.38	169	11.9	-77.61
3	2015-11-10 00:15	26.76	54950	4.62	70.9	8.38	171	11.87	-77.68
3	2015-11-10 00:17	26.76	54720	4.66	71.5	8.38	170	11.87	-77.67
3	2015-11-10 00:19	26.75	54970	4.72	72.5	8.38	169	11.89	-77.81
3	2015-11-10 00:21	26.75	55000	4.78	73.4	8.38	172	11.87	-77.91
3	2015-11-10 00:23	26.75	54920	4.83	74.2	8.39	172	11.89	-78.14
3	2015-11-10 00:25	26.75	54880	4.89	75.1	8.39	172	11.89	-78.33
3	2015-11-10 00:27	26.73	54960	4.93	75.7	8.39	174	11.87	-78.42
3	2015-11-10 00:29	26.74	54910	4.98	76.4	8.39	173	11.85	-78.57
3	2015-11-10 00:31	26.75	54890	5.01	76.8	8.4	175	11.87	-78.65
3	2015-11-10 00:33	26.74	54910	5.04	77.4	8.4	174	11.85	-78.65
3	2015-11-10 00:35	26.72	54960	5.07	77.7	8.4	172	11.83	-78.66
3	2015-11-10 00:37	26.74	55010	5.08	78	8.4	171	11.82	-78.63
3	2015-11-10 00:39	26.73	54850	5.1	78.2	8.4	172	11.85	-78.7
3	2015-11-10 00:41	26.73	54960	5.1	78.3	8.4	172	11.82	-78.63
3	2015-11-10 00:43	26.72	54850	5.1	78.2	8.4	171	11.85	-78.72
3	2015-11-10 00:45	26.71	54830	5.12	78.4	8.4	173	11.83	-78.69
3	2015-11-10 00:47	26.71	54770	5.14	78.8	8.4	174	11.85	-78.68
3	2015-11-10 00:49	26.71	54960	5.15	79	8.4	174	11.83	-78.64
3	2015-11-10 00:51	26.7	54880	5.16	79.2	8.4	173	11.83	-78.6
3	2015-11-10 00:53	26.69	55030	5.17	79.4	8.4	172	11.82	-78.71
3	2015-11-10 00:55	26.67	54840	5.19	79.5	8.4	173	11.83	-78.87
3	2015-11-10 00:57	26.66	54870	5.2	79.7	8.4	174	11.8	-78.79
3	2015-11-10 00:59	26.66	54950	5.17	79.3	8.4	176	11.83	-78.8
3	2015-11-10 01:01	26.66	54770	5.17	79.2	8.4	176	11.8	-78.74
3	2015-11-10 01:03	26.66	54830	5.15	78.9	8.4	175	11.82	-78.71
3	2015-11-10 01:05	26.65	54900	5.12	78.5	8.4	176	11.82	-78.62
3	2015-11-10 01:07	26.65	54790	5.12	78.4	8.4	177	11.8	-78.5
3	2015-11-10 01:09	26.63	54840	5.12	78.4	8.39	176	11.8	-78.52
3	2015-11-10 01:11	26.64	54930	5.13	78.5	8.39	177	11.82	-78.46
3	2015-11-10 01:13	26.63	54950	5.14	78.7	8.39	175	11.8	-78.43
3	2015-11-10 01:15	26.63	55050	5.13	78.7	8.39	175	11.8	-78.26
3	2015-11-10 01:17	26.62	54870	5.13	78.5	8.39	175	11.8	-78.21
3	2015-11-10 01:19	26.61	54800	5.11	78.2	8.39	175	11.82	-78.09
3	2015-11-10 01:21	26.63	54900	5.08	77.8	8.39	175	11.82	-78.04
3	2015-11-10 01:23	26.62	54870	5.08	77.9	8.39	175	11.8	-77.97
3	2015-11-10 01:25	26.62	54990	5.08	77.8	8.39	175	11.78	-78.03
3	2015-11-10 01:27	26.63	54910	5.08	77.9	8.39	176	11.77	-78.06
3	2015-11-10 01:29	26.61	54830	5.1	78	8.39	176	11.8	-78.04
3	2015-11-10 01:31	26.61	54930	5.09	78	8.39	177	11.77	-77.98
3	2015-11-10 01:33	26.61	54850	5.1	78.1	8.39	175	11.77	-77.99
3	2015-11-10 01:35	26.6	54830	5.09	77.9	8.39	175	11.78	-77.96
3	2015-11-10 01:37	26.6	54940	5.1	78	8.38	176	11.78	-77.88
3	2015-11-10 01:39	26.59	54910	5.07	77.7	8.38	175	11.78	-77.83
3	2015-11-10 01:41	26.58	54930	5.08	77.7	8.38	179	11.77	-77.74
3	2015-11-10 01:43	26.59	54990	5.06	77.5	8.38	179	11.78	-77.67
3	2015-11-10 01:45	26.57	54800	5.05	77.3	8.38	179	11.75	-77.64
3	2015-11-10 01:47	26.56	54930	5.03	77	8.38	179	11.78	-77.59
3	2015-11-10 01:49	26.56	54880	5.03	76.9	8.38	180	11.78	-77.55
3	2015-11-10 01:51	26.55	54900	5.03	76.9	8.38	181	11.77	-77.54
3	2015-11-10 01:53	26.56	54870	5.04	77	8.38	182	11.75	-77.48
3	2015-11-10 01:55	26.58	54810	5.02	76.8	8.38	183	11.77	-77.37
3	2015-11-10 01:57	26.58	54860	5.01	76.7	8.37	183	11.77	-77.33
3	2015-11-10 01:59	26.58	54900	5	76.5	8.37	183	11.75	-77.28
3	2015-11-10 02:01	26.57	54920	5.01	76.6	8.38	184	11.75	-77.31
3	2015-11-10 02:03	26.57	54840	5.02	76.8	8.38	182	11.77	-77.31
3	2015-11-10 02:05	26.55	55000	5.03	77	8.38	182	11.75	-77.4
3	2015-11-10 02:07	26.55	54930	5.06	77.3	8.38	182	11.75	-77.45
3	2015-11-10 02:09	26.55	54830	5.07	77.5	8.38	181	11.75	-77.47
3	2015-11-10 02:11	26.55	54890	5.09	77.9	8.38	182	11.73	-77.48
3	2015-11-10 02:13	26.54	54930	5.12	78.2	8.38	184	11.75	-77.45
3	2015-11-10 02:15	26.54	54920	5.13	78.5	8.38	184	11.77	-77.45
3	2015-11-10 02:17	26.54	54910	5.14	78.6	8.38	183	11.73	-77.41
3	2015-11-10 02:19	26.54	54950	5.13	78.5	8.38	183	11.75	-77.39
3	2015-11-10 02:21	26.54	54810	5.14	78.6	8.38	184	11.75	-77.32
3	2015-11-10 02:23	26.53	54910	5.15	78.7	8.38	184	11.75	-77.33
3	2015-11-10 02:25	26.52	54850	5.16	78.8	8.38	184	11.73	-77.38
3	2015-11-10 02:27	26.52	54810	5.17	79	8.38	186	11.73	-77.28
3	2015-11-10 02:29	26.51	54840	5.18	79.1	8.38	185	11.73	-77.34
3	2015-11-10 02:31	26.5	54860	5.19	79.3	8.38	184	11.7	-77.35
3	2015-11-10 02:33	26.5	54910	5.2	79.5	8.38	184	11.73	-77.29
3	2015-11-10 02:35	26.51	54880	5.21	79.6	8.38	187	11.72	-77.23
3	2015-11-10 02:37	26.51	54870	5.21	79.7	8.38	188	11.73	-77.27
3	2015-11-10 02:39	26.5	54910	5.23	79.9	8.38	186	11.7	-77.18
3	2015-11-10 02:41	26.5	54810	5.23	80	8.37	186	11.66	-77.19
3	2015-11-10 02:43	26.5	54810	5.23	79.9	8.37	186	11.72	-77.06
3	2015-11-10 02:45	26.49	54840	5.23	79.9	8.37	186	11.7	-77.09
3	2015-11-10 02:47	26.49	54890	5.22	79.8	8.37	186	11.72	-77
3	2015-11-10 02:49	26.49	54840	5.22	79.7	8.37	187	11.7	-76.94
3	2015-11-10 02:51	26.48	54850	5.21	79.6	8.37	188	11.72	-76.94
3	2015-11-10 02:53	26.48	54960	5.21	79.7	8.37	188	11.72	-76.96
3	2015-11-10 02:55	26.48	54840	5.22	79.8	8.37	188	11.7	-76.91
3	2015-11-10 02:57	26.48	54740	5.22	79.7	8.37	188	11.65	-76.92
3	2015-11-10 02:59	26.46	54950	5.21	79.6	8.37	190	11.68	-76.82
3	2015-11-10 03:01	26.47	54930	5.19	79.2	8.37	192	11.7	-76.82
3	2015-11-10 03:03	26.47	54850	5.18	79.1	8.37	190	11.7	-76.82
3	2015-11-10 03:05	26.46	54850	5.19	79.2	8.37	189	11.68	-76.69
3	2015-11-10 03:07	26.45	54830	5.2	79.3	8.37	188	11.7	-76.7
3	2015-11-10 03:09	26.46	54970	5.2	79.4	8.37	188	11.66	-76.68
3	2015-11-10 03:11	26.46	54840	5.2	79.4	8.36	188	11.68	-76.59
3	2015-11-10 03:13	26.45	54840	5.19	79.3	8.37	190	11.7	-76.61
3	2015-11-10 03:15	26.45	54710	5.19	79.2	8.36	190	11.68	-76.56
3	2015-11-10 03:17	26.45	54910	5.18	79	8.36	190	11.68	-76.5
3	2015-11-10 03:19	26.45	54810	5.17	79	8.36	191	11.66	-76.38
3	2015-11-10 03:21	26.44	54730	5.16	78.7	8.36	191	11.66	-76.39
3	2015-11-10 03:23	26.44	54870	5.12	78.2	8.36	190	11.66	-76.2
3	2015-11-10 03:25	26.43	54710	5.14	78.3	8.36	190	11.66	-76.16
3	2015-11-10 03:27	26.43	54870	5.12	78.2	8.36	191	11.68	-76.12
3	2015-11-10 03:29	26.44	54910	5.11	78	8.36	191	11.66	-76.12
3	2015-11-10 03:31	26.43	54770	5.11	78	8.36	191	11.65	-76.11
3	2015-11-10 03:33	26.43	54810	5.1	77.9	8.36	191	11.65	-76
3	2015-11-10 03:35	26.43	54850	5.1	77.8	8.36	190	11.66	-76
3	2015-11-10 03:37	26.42	54780	5.09	77.7	8.35	190	11.66	-75.9
3	2015-11-10 03:39	26.41	54800	5.09	77.6	8.35	191	11.66	-75.88
3	2015-11-10 03:41	26.41	54800	5.07	77.3	8.35	192	11.63	-75.87
3	2015-11-10 03:43	26.42	54770	5.07	77.4	8.35	192	11.63	-75.82
3	2015-11-10 03:45	26.4	54750	5.08	77.5	8.35	192	11.63	-75.76
3	2015-11-10 03:47	26.4	54790	5.08	77.5	8.35	192	11.65	-75.82
3	2015-11-10 03:49	26.39	54920	5.08	77.4	8.35	193	11.66	-75.81
3	2015-11-10 03:51	26.4	54760	5.09	77.5	8.35	193	11.65	-75.76
3	2015-11-10 03:53	26.4	54690	5.08	77.5	8.35	192	11.63	-75.69
3	2015-11-10 03:55	26.4	54820	5.09	77.6	8.35	193	11.63	-75.61
3	2015-11-10 03:57	26.41	54790	5.08	77.5	8.35	194	11.61	-75.58
3	2015-11-10 03:59	26.41	54820	5.07	77.4	8.35	195	11.61	-75.49
3	2015-11-10 04:01	26.4	54810	5.05	77	8.34	194	11.65	-75.32
3	2015-11-10 04:03	26.4	54820	5.01	76.5	8.34	194	11.58	-75.22
3	2015-11-10 04:05	26.41	54790	4.99	76.2	8.34	196	11.63	-75.19
3	2015-11-10 04:07	26.41	54770	4.98	76	8.34	196	11.63	-75.16
3	2015-11-10 04:09	26.41	54850	4.96	75.7	8.34	196	11.61	-75.09
3	2015-11-10 04:11	26.4	54690	4.94	75.3	8.34	196	11.61	-75.12
3	2015-11-10 04:13	26.4	54900	4.92	75.1	8.34	198	11.63	-75.04
3	2015-11-10 04:15	26.4	54840	4.9	74.8	8.34	199	11.61	-74.9
3	2015-11-10 04:17	26.4	54830	4.89	74.6	8.34	199	11.61	-74.85
3	2015-11-10 04:19	26.4	54730	4.88	74.5	8.33	200	11.55	-74.71
3	2015-11-10 04:21	26.4	54780	4.87	74.3	8.33	200	11.6	-74.69
3	2015-11-10 04:23	26.4	54840	4.86	74.1	8.34	199	11.61	-74.81
3	2015-11-10 04:25	26.41	54730	4.87	74.2	8.34	201	11.53	-74.77
3	2015-11-10 04:27	26.41	54800	4.87	74.3	8.33	202	11.6	-74.76
3	2015-11-10 04:29	26.41	54760	4.85	74	8.33	201	11.61	-74.66
3	2015-11-10 04:31	26.41	54620	4.84	73.8	8.33	201	11.61	-74.6
3	2015-11-10 04:33	26.41	54890	4.83	73.7	8.33	201	11.6	-74.53
3	2015-11-10 04:35	26.41	54840	4.83	73.7	8.33	203	11.61	-74.48
3	2015-11-10 04:37	26.41	54740	4.83	73.6	8.33	202	11.61	-74.52
3	2015-11-10 04:39	26.41	54890	4.81	73.5	8.33	202	11.6	-74.45
3	2015-11-10 04:41	26.39	54770	4.81	73.3	8.33	202	11.6	-74.35
3	2015-11-10 04:43	26.4	54780	4.81	73.4	8.33	203	11.6	-74.3
3	2015-11-10 04:45	26.39	54830	4.8	73.3	8.33	203	11.6	-74.36
3	2015-11-10 04:47	26.39	54850	4.8	73.3	8.33	203	11.56	-74.35
3	2015-11-10 04:49	26.39	54820	4.81	73.4	8.33	204	11.58	-74.35
3	2015-11-10 04:51	26.39	54780	4.81	73.4	8.33	204	11.56	-74.21
3	2015-11-10 04:53	26.39	54760	4.8	73.2	8.33	205	11.58	-74.13
3	2015-11-10 04:55	26.39	54820	4.8	73.3	8.32	205	11.56	-74.18
3	2015-11-10 04:57	26.39	54870	4.81	73.4	8.32	203	11.58	-74.12
3	2015-11-10 04:59	26.39	54770	4.81	73.4	8.32	204	11.56	-74.08
3	2015-11-10 05:01	26.38	54780	4.81	73.4	8.32	206	11.56	-73.98
3	2015-11-10 05:03	26.39	54830	4.79	73	8.32	204	11.58	-73.88
3	2015-11-10 05:05	26.39	54840	4.78	72.9	8.32	205	11.56	-73.84
3	2015-11-10 05:07	26.38	54890	4.72	72.1	8.32	206	11.58	-73.65
3	2015-11-10 05:09	26.38	54880	4.72	71.9	8.32	206	11.56	-73.72
3	2015-11-10 05:11	26.38	54880	4.72	72	8.32	207	11.58	-73.68
3	2015-11-10 05:13	26.38	54750	4.7	71.7	8.32	207	11.58	-73.66
3	2015-11-10 05:15	26.37	54870	4.69	71.6	8.31	207	11.56	-73.55
3	2015-11-10 05:17	26.38	54910	4.7	71.6	8.32	207	11.56	-73.59
3	2015-11-10 05:19	26.37	54900	4.71	71.8	8.31	210	11.58	-73.54
3	2015-11-10 05:21	26.37	54810	4.71	71.8	8.31	209	11.55	-73.41
3	2015-11-10 05:23	26.37	54700	4.71	71.8	8.32	210	11.58	-73.5
3	2015-11-10 05:25	26.37	54800	4.69	71.5	8.31	210	11.56	-73.43
3	2015-11-10 05:27	26.37	54700	4.68	71.4	8.31	210	11.58	-73.37
3	2015-11-10 05:29	26.37	54950	4.67	71.3	8.31	210	11.56	-73.31
3	2015-11-10 05:31	26.36	54700	4.69	71.4	8.31	210	11.55	-73.34
3	2015-11-10 05:33	26.37	54760	4.69	71.5	8.31	210	11.56	-73.18
3	2015-11-10 05:35	26.36	54950	4.68	71.4	8.31	210	11.55	-73.17
3	2015-11-10 05:37	26.36	54960	4.67	71.3	8.31	210	11.55	-73.11
3	2015-11-10 05:39	26.37	54730	4.68	71.3	8.31	210	11.55	-73.01
3	2015-11-10 05:41	26.36	54720	4.67	71.1	8.31	211	11.53	-73.01
3	2015-11-10 05:43	26.36	54760	4.64	70.7	8.31	211	11.51	-72.95
3	2015-11-10 05:45	26.37	54750	4.64	70.8	8.31	213	11.55	-73
3	2015-11-10 05:47	26.36	54710	4.65	70.9	8.31	212	11.55	-73
3	2015-11-10 05:49	26.35	54840	4.64	70.7	8.31	213	11.53	-72.96
3	2015-11-10 05:51	26.35	54870	4.64	70.8	8.31	214	11.51	-73.18
3	2015-11-10 05:53	26.35	54900	4.64	70.8	8.31	214	11.53	-73.28
3	2015-11-10 05:55	26.36	54700	4.66	70.9	8.31	215	11.55	-73.32
3	2015-11-10 05:57	26.35	54750	4.66	71	8.31	216	11.53	-73.31
3	2015-11-10 05:59	26.35	54720	4.65	70.9	8.31	215	11.48	-73.12
3	2015-11-10 06:01	26.35	54760	4.66	71	8.31	216	11.51	-73.15
3	2015-11-10 06:03	26.35	54750	4.65	70.9	8.31	217	11.53	-73.08
3	2015-11-10 06:05	26.35	54700	4.68	71.3	8.31	217	11.53	-73.32
3	2015-11-10 06:07	26.35	54730	4.68	71.3	8.31	218	11.53	-73.27
3	2015-11-10 06:09	26.35	54810	4.69	71.5	8.31	217	11.49	-73.23
3	2015-11-10 06:11	26.35	54850	4.69	71.5	8.31	215	11.53	-73.24
3	2015-11-10 06:13	26.35	54730	4.7	71.6	8.31	216	11.53	-73.42
3	2015-11-10 06:15	26.35	54810	4.7	71.6	8.31	216	11.51	-73.21
3	2015-11-10 06:17	26.35	54660	4.71	71.7	8.31	217	11.51	-73.13
3	2015-11-10 06:19	26.35	54660	4.73	72	8.31	218	11.51	-73.31
3	2015-11-10 06:21	26.35	54860	4.74	72.2	8.31	220	11.51	-73.19
3	2015-11-10 06:23	26.35	54800	4.75	72.4	8.31	221	11.51	-73.12
3	2015-11-10 06:25	26.35	54860	4.75	72.4	8.31	220	11.53	-72.89
3	2015-11-10 06:27	26.35	54750	4.74	72.1	8.3	220	11.49	-72.78
3	2015-11-10 06:29	26.35	54650	4.72	71.8	8.3	222	11.49	-72.69
3	2015-11-10 06:31	26.34	54730	4.71	71.7	8.3	222	11.49	-72.63
3	2015-11-10 06:33	26.34	54690	4.71	71.8	8.3	224	11.51	-72.65
3	2015-11-10 06:35	26.35	54820	4.71	71.7	8.3	223	11.51	-72.65
3	2015-11-10 06:37	26.35	54660	4.7	71.7	8.3	224	11.49	-72.66
3	2015-11-10 06:39	26.35	54800	4.7	71.6	8.3	224	11.49	-72.6
3	2015-11-10 06:41	26.35	54910	4.68	71.3	8.3	223	11.51	-72.56
3	2015-11-10 06:43	26.35	54830	4.64	70.7	8.3	223	11.48	-72.48
3	2015-11-10 06:45	26.35	54750	4.63	70.5	8.3	221	11.49	-72.32
3	2015-11-10 06:47	26.34	54660	4.64	70.6	8.3	222	11.48	-72.33
3	2015-11-10 06:49	26.35	54700	4.64	70.7	8.3	222	11.48	-72.34
3	2015-11-10 06:51	26.35	54700	4.65	70.8	8.29	222	11.49	-72.25
3	2015-11-10 06:53	26.35	54770	4.65	70.8	8.29	223	11.48	-72.25
3	2015-11-10 06:55	26.35	54830	4.66	71	8.3	223	11.49	-72.28
3	2015-11-10 06:57	26.35	54820	4.66	71.1	8.3	224	11.48	-72.47
3	2015-11-10 06:59	26.35	54720	4.68	71.2	8.3	225	11.49	-72.44
3	2015-11-10 07:01	26.35	54820	4.68	71.3	8.29	224	11.49	-72.29
3	2015-11-10 07:03	26.35	54780	4.67	71.2	8.29	225	11.48	-72.18
3	2015-11-10 07:05	26.35	54690	4.67	71.2	8.29	226	11.46	-72.08
3	2015-11-10 07:07	26.35	54730	4.66	71	8.29	225	11.49	-72.08
3	2015-11-10 07:09	26.35	54590	4.65	70.7	8.29	226	11.46	-71.96
3	2015-11-10 07:11	26.35	54720	4.61	70.3	8.29	226	11.46	-71.96
3	2015-11-10 07:13	26.35	54780	4.61	70.2	8.29	224	11.46	-71.85
3	2015-11-10 07:15	26.35	54690	4.6	70.1	8.29	225	11.46	-71.82
3	2015-11-10 07:17	26.34	54790	4.57	69.6	8.28	224	11.46	-71.63
3	2015-11-10 07:19	26.34	54800	4.55	69.3	8.28	225	11.48	-71.52
3	2015-11-10 07:21	26.35	54610	4.55	69.3	8.28	225	11.46	-71.48
3	2015-11-10 07:23	26.34	54750	4.55	69.3	8.28	226	11.46	-71.54
3	2015-11-10 07:25	26.35	54760	4.54	69.2	8.28	225	11.48	-71.58
3	2015-11-10 07:27	26.33	54740	4.56	69.4	8.28	225	11.44	-71.61
3	2015-11-10 07:29	26.32	54690	4.58	69.7	8.28	227	11.46	-71.59
3	2015-11-10 07:31	26.33	54710	4.59	69.8	8.28	227	11.44	-71.61
3	2015-11-10 07:33	26.33	54810	4.59	69.9	8.28	229	11.46	-71.55
3	2015-11-10 07:35	26.33	54890	4.59	70	8.28	228	11.44	-71.52
3	2015-11-10 07:37	26.33	54700	4.6	70.1	8.28	227	11.44	-71.49
3	2015-11-10 07:39	26.33	54800	4.62	70.4	8.28	227	11.48	-71.47
3	2015-11-10 07:41	26.33	54790	4.64	70.7	8.28	228	11.43	-71.59
3	2015-11-10 07:43	26.33	54610	4.65	70.7	8.28	229	11.44	-71.65
3	2015-11-10 07:45	26.32	54650	4.65	70.9	8.28	228	11.44	-71.64
3	2015-11-10 07:47	26.33	54730	4.67	71.1	8.29	229	11.44	-71.66
3	2015-11-10 07:49	26.33	54600	4.69	71.4	8.29	230	11.44	-71.65
3	2015-11-10 07:51	26.33	54790	4.7	71.6	8.28	229	11.43	-71.64
3	2015-11-10 07:53	26.33	54650	4.7	71.6	8.28	229	11.46	-71.62
3	2015-11-10 07:55	26.33	54860	4.7	71.6	8.28	230	11.44	-71.6
3	2015-11-10 07:57	26.33	54820	4.7	71.6	8.28	229	11.46	-71.6
3	2015-11-10 07:59	26.32	54740	4.69	71.5	8.28	229	11.46	-71.57
3	2015-11-10 08:01	26.32	54760	4.71	71.7	8.28	230	11.41	-71.61
3	2015-11-10 08:03	26.33	54740	4.71	71.8	8.28	231	11.43	-71.51
3	2015-11-10 08:05	26.32	54810	4.7	71.6	8.28	233	11.43	-71.41
3	2015-11-10 08:07	26.31	54600	4.69	71.4	8.28	233	11.44	-71.25
3	2015-11-10 08:09	26.32	54640	4.68	71.2	8.28	233	11.39	-71.26
3	2015-11-10 08:11	26.32	54790	4.68	71.2	8.28	233	11.44	-71.23
3	2015-11-10 08:13	26.31	54610	4.68	71.2	8.28	233	11.43	-71.19
3	2015-11-10 08:15	26.33	54600	4.67	71.1	8.28	232	11.43	-71.09
3	2015-11-10 08:17	26.33	54710	4.66	71	8.28	231	11.41	-71.14
3	2015-11-10 08:19	26.33	54650	4.66	70.9	8.27	233	11.41	-71.06
3	2015-11-10 08:21	26.32	54640	4.64	70.7	8.27	234	11.44	-70.95
3	2015-11-10 08:23	26.33	54880	4.61	70.3	8.27	234	11.41	-70.91
3	2015-11-10 08:25	26.33	54720	4.59	69.9	8.27	234	11.41	-70.79
3	2015-11-10 08:27	26.33	54580	4.58	69.8	8.27	235	11.41	-70.81
3	2015-11-10 08:29	26.32	54670	4.59	69.8	8.27	234	11.41	-70.86
3	2015-11-10 08:31	26.32	54730	4.6	70	8.27	234	11.41	-70.84
3	2015-11-10 08:33	26.31	54830	4.6	70.1	8.27	234	11.41	-70.83
3	2015-11-10 08:35	26.32	54600	4.59	69.9	8.27	233	11.43	-70.9
3	2015-11-10 08:37	26.31	54810	4.58	69.8	8.27	232	11.43	-71.01
3	2015-11-10 08:39	26.33	54700	4.59	70	8.27	233	11.43	-71.04
3	2015-11-10 08:41	26.32	54860	4.61	70.2	8.28	234	11.39	-71.11
3	2015-11-10 08:43	26.32	54760	4.63	70.5	8.27	234	11.41	-71.05
3	2015-11-10 08:45	26.31	54750	4.64	70.7	8.27	234	11.41	-71.02
3	2015-11-10 08:47	26.31	54790	4.67	71.1	8.28	234	11.39	-71.07
3	2015-11-10 08:49	26.31	54700	4.69	71.4	8.28	235	11.41	-71.14
3	2015-11-10 08:51	26.22	54760	4.7	71.4	8.28	235	11.39	-71.02
3	2015-11-10 08:53	26.23	54710	4.69	71.2	8.27	236	11.39	-70.77
3	2015-11-10 08:55	26.25	54620	4.66	70.8	8.27	237	11.39	-70.65
3	2015-11-10 08:57	26.22	54560	4.64	70.5	8.27	237	11.41	-70.54
3	2015-11-10 08:59	26.2	54720	4.62	70.2	8.26	238	11.33	-70.41
3	2015-11-10 09:01	26.21	54600	4.59	69.8	8.26	236	11.41	-70.37
3	2015-11-10 09:03	26.2	54660	4.57	69.5	8.26	236	11.38	-70.25
3	2015-11-10 09:05	26.21	54680	4.54	68.9	8.26	236	11.41	-70.12
3	2015-11-10 09:07	26.2	54560	4.53	68.8	8.26	236	11.39	-70.16
3	2015-11-10 09:09	26.21	54620	4.51	68.6	8.26	236	11.38	-70.13
3	2015-11-10 09:11	26.2	54520	4.5	68.4	8.26	238	11.39	-70.03
3	2015-11-10 09:13	26.17	54730	4.49	68.2	8.26	238	11.36	-69.92
3	2015-11-10 09:15	26.16	54730	4.51	68.4	8.26	239	11.38	-70.17
3	2015-11-10 09:17	26.17	54630	4.5	68.4	8.26	239	11.39	-70.07
3	2015-11-10 09:19	26.18	54710	4.49	68.2	8.26	239	11.38	-69.92
3	2015-11-10 09:21	26.19	54610	4.49	68.2	8.26	239	11.36	-69.92
3	2015-11-10 09:23	26.17	54610	4.49	68.2	8.26	238	11.36	-69.9
3	2015-11-10 09:25	26.15	54610	4.48	68	8.26	240	11.36	-69.85
3	2015-11-10 09:27	26.14	54690	4.48	68	8.26	240	11.38	-69.82
3	2015-11-10 09:29	26.14	54590	4.48	67.9	8.25	240	11.34	-69.73
3	2015-11-10 09:31	26.14	54600	4.46	67.7	8.25	241	11.38	-69.69
3	2015-11-10 09:33	26.14	54610	4.45	67.5	8.25	240	11.36	-69.63
3	2015-11-10 09:35	26.14	54640	4.44	67.4	8.25	238	11.38	-69.57
3	2015-11-10 09:37	26.15	54650	4.45	67.5	8.25	240	11.36	-69.58
3	2015-11-10 09:39	26.14	54690	4.46	67.7	8.25	240	11.34	-69.61
3	2015-11-10 09:41	26.14	54700	4.46	67.8	8.25	240	11.34	-69.65
3	2015-11-10 09:43	26.14	54490	4.47	67.8	8.25	242	11.38	-69.65
3	2015-11-10 09:45	26.14	54640	4.47	67.9	8.25	243	11.38	-69.72
3	2015-11-10 09:47	26.14	54610	4.48	68.1	8.25	242	11.38	-69.75
3	2015-11-10 09:49	26.15	54600	4.47	67.8	8.25	241	11.36	-69.74
3	2015-11-10 09:51	26.15	54680	4.46	67.7	8.25	243	11.36	-69.76
3	2015-11-10 09:53	26.15	54580	4.47	67.8	8.25	243	11.34	-69.68
3	2015-11-10 09:55	26.14	54670	4.48	67.9	8.25	243	11.36	-69.65
3	2015-11-10 09:57	26.14	54580	4.47	67.7	8.25	243	11.36	-69.56
3	2015-11-10 09:59	26.12	54570	4.46	67.6	8.25	243	11.34	-69.46
3	2015-11-10 10:01	26.12	54640	4.46	67.6	8.25	243	11.34	-69.39
3	2015-11-10 10:03	26.13	54590	4.44	67.4	8.25	244	11.36	-69.33
3	2015-11-10 10:05	26.14	54460	4.42	67.1	8.24	243	11.33	-69.21
3	2015-11-10 10:07	26.13	54510	4.42	67	8.25	243	11.36	-69.16
3	2015-11-10 10:09	26.14	54520	4.39	66.6	8.24	244	11.36	-69.08
3	2015-11-10 10:11	26.13	54620	4.38	66.5	8.24	244	11.36	-69.1
3	2015-11-10 10:13	26.13	54550	4.38	66.5	8.24	244	11.33	-69.17
3	2015-11-10 10:15	26.13	54680	4.39	66.6	8.24	245	11.34	-69.07
3	2015-11-10 10:17	26.14	54510	4.38	66.4	8.24	245	11.34	-69.08
3	2015-11-10 10:19	26.11	54580	4.37	66.2	8.24	246	11.36	-68.97
3	2015-11-10 10:21	26.13	54630	4.37	66.3	8.24	245	11.34	-68.94
3	2015-11-10 10:23	26.14	54600	4.35	66.1	8.24	246	11.36	-68.93
3	2015-11-10 10:25	26.14	54610	4.35	66	8.24	246	11.34	-69.12
3	2015-11-10 10:27	26.13	54600	4.36	66.2	8.24	247	11.34	-69.13
3	2015-11-10 10:29	26.14	54570	4.37	66.4	8.24	247	11.33	-69.06
3	2015-11-10 10:31	26.14	54640	4.38	66.4	8.25	246	11.33	-69.2
3	2015-11-10 10:33	26.14	54600	4.39	66.6	8.24	246	11.33	-69.13
3	2015-11-10 10:35	26.16	54490	4.4	66.8	8.24	246	11.33	-69.06
3	2015-11-10 10:37	26.13	54520	4.4	66.7	8.24	247	11.33	-69
3	2015-11-10 10:39	26.12	54640	4.38	66.5	8.24	248	11.34	-68.95
3	2015-11-10 10:41	26.12	54600	4.38	66.4	8.24	247	11.33	-68.91
3	2015-11-10 10:43	26.13	54550	4.38	66.5	8.24	248	11.33	-68.79
3	2015-11-10 10:45	26.12	54530	4.38	66.5	8.24	248	11.31	-68.69
3	2015-11-10 10:47	26.14	54470	4.37	66.3	8.24	247	11.34	-68.66
3	2015-11-10 10:49	26.13	54540	4.35	66	8.23	248	11.29	-68.53
3	2015-11-10 10:51	26.13	54480	4.33	65.6	8.23	248	11.31	-68.46
3	2015-11-10 10:53	26.13	54510	4.31	65.3	8.23	248	11.26	-68.48
3	2015-11-10 10:55	26.12	54540	4.3	65.1	8.24	248	11.33	-68.64
3	2015-11-10 10:57	26.11	54660	4.3	65.2	8.24	248	11.33	-68.6
3	2015-11-10 10:59	26.13	54430	4.3	65.2	8.23	249	11.29	-68.43
3	2015-11-10 11:01	26.1	54560	4.28	64.8	8.23	249	11.31	-68.31
3	2015-11-10 11:03	26.14	54510	4.25	64.4	8.23	249	11.33	-68.21
3	2015-11-10 11:05	26.14	54600	4.24	64.3	8.23	249	11.29	-68.15
3	2015-11-10 11:07	26.13	54710	4.21	63.9	8.23	249	11.31	-68.08
3	2015-11-10 11:09	26.11	54420	4.2	63.6	8.22	250	11.31	-68.02
3	2015-11-10 11:11	26.14	54580	4.18	63.4	8.22	248	11.29	-67.99
3	2015-11-10 11:13	26.13	54510	4.17	63.2	8.23	248	11.22	-68.08
3	2015-11-10 11:15	26.14	54410	4.15	63	8.23	247	11.31	-68.01
3	2015-11-10 11:17	26.13	54610	4.12	62.6	8.22	247	11.31	-67.67
3	2015-11-10 11:19	26.12	54420	4.09	61.9	8.22	246	11.27	-67.52
3	2015-11-10 11:21	26.12	54450	4.05	61.5	8.21	248	11.31	-67.3
3	2015-11-10 11:23	26.13	54540	4.02	61	8.21	248	11.29	-67.22
3	2015-11-10 11:25	26.12	54450	4	60.6	8.21	249	11.31	-67.11
3	2015-11-10 11:27	26.14	54550	3.98	60.3	8.21	249	11.31	-67.08
3	2015-11-10 11:29	26.12	54670	3.96	60.2	8.21	250	11.27	-67.13
3	2015-11-10 11:31	26.14	54480	3.98	60.4	8.21	249	11.31	-67.35
3	2015-11-10 11:33	26.14	54490	4	60.7	8.21	249	11.29	-67.49
3	2015-11-10 11:35	26.16	54430	4.04	61.3	8.22	248	11.29	-67.75
3	2015-11-10 11:37	26.13	54650	4.07	61.7	8.22	248	11.29	-67.75
3	2015-11-10 11:39	26.15	54510	4.09	62.1	8.22	248	11.31	-67.79
3	2015-11-10 11:41	26.14	54570	4.11	62.4	8.22	248	11.27	-67.66
3	2015-11-10 11:43	26.14	54540	4.15	62.9	8.22	248	11.29	-67.63
3	2015-11-10 11:45	26.15	54460	4.16	63.1	8.22	248	11.27	-67.67
3	2015-11-10 11:47	26.16	54610	4.16	63.1	8.22	248	11.31	-67.52
3	2015-11-10 11:49	26.16	54500	4.16	63.1	8.21	248	11.29	-67.3
3	2015-11-10 11:51	26.16	54520	4.16	63.1	8.21	248	11.29	-67.21
3	2015-11-10 11:53	26.16	54400	4.16	63.1	8.21	247	11.27	-67.06
3	2015-11-10 11:55	26.15	54460	4.17	63.2	8.21	248	11.29	-67.04
3	2015-11-10 11:57	26.14	54540	4.18	63.3	8.21	249	11.27	-66.95
3	2015-11-10 11:59	26.14	54540	4.17	63.3	8.21	250	11.29	-66.86
3	2015-11-10 12:01	26.16	54420	4.18	63.3	8.2	250	11.29	-66.81
3	2015-11-10 12:03	26.18	54500	4.18	63.4	8.2	250	11.29	-66.79
3	2015-11-10 12:05	26.15	54480	4.17	63.2	8.2	250	11.29	-66.8
3	2015-11-10 12:07	26.13	54590	4.14	62.8	8.2	249	11.27	-66.71
3	2015-11-10 12:09	26.16	54640	4.14	62.9	8.2	249	11.27	-66.69
3	2015-11-10 12:11	26.14	54530	4.15	62.9	8.2	249	11.27	-66.7
3	2015-11-10 12:13	26.14	54550	4.14	62.8	8.2	250	11.27	-66.75
3	2015-11-10 12:15	26.15	54530	4.14	62.9	8.2	249	11.26	-66.71
3	2015-11-10 12:17	26.13	54430	4.16	63.1	8.2	249	11.26	-66.66
3	2015-11-10 12:19	26.15	54620	4.16	63.2	8.2	250	11.24	-66.66
3	2015-11-10 12:21	26.14	54580	4.17	63.2	8.2	251	11.27	-66.68
3	2015-11-10 12:23	26.15	54530	4.18	63.4	8.2	251	11.27	-66.63
3	2015-11-10 12:25	26.15	54610	4.2	63.7	8.2	251	11.27	-66.81
3	2015-11-10 12:27	26.14	54590	4.21	64	8.2	250	11.26	-66.84
3	2015-11-10 12:29	26.16	54520	4.24	64.4	8.2	250	11.27	-66.8
3	2015-11-10 12:31	26.16	54510	4.26	64.7	8.2	251	11.27	-66.83
3	2015-11-10 12:33	26.16	54560	4.27	64.9	8.2	251	11.27	-66.78
3	2015-11-10 12:35	26.16	54670	4.29	65.2	8.21	251	11.27	-66.78
3	2015-11-10 12:37	26.15	54520	4.33	65.6	8.2	252	11.24	-66.84
3	2015-11-10 12:39	26.19	54570	4.35	66	8.2	252	11.26	-66.83
3	2015-11-10 12:41	26.19	54540	4.37	66.4	8.2	253	11.27	-66.89
3	2015-11-10 12:43	26.17	54650	4.4	66.8	8.21	253	11.22	-66.99
3	2015-11-10 12:45	26.18	54690	4.42	67.1	8.21	253	11.24	-67.08
3	2015-11-10 12:47	26.15	54770	4.44	67.4	8.21	252	11.26	-67.1
3	2015-11-10 12:49	26.16	54690	4.45	67.6	8.21	252	11.26	-67.04
3	2015-11-10 12:51	26.15	54680	4.48	68	8.21	252	11.26	-67.11
3	2015-11-10 12:53	26.19	54630	4.51	68.6	8.21	252	11.24	-67.2
3	2015-11-10 12:55	26.2	54610	4.55	69.1	8.21	251	11.26	-67.29
3	2015-11-10 12:57	26.21	54710	4.59	69.7	8.21	252	11.22	-67.36
3	2015-11-10 12:59	26.2	54650	4.62	70.2	8.22	252	11.21	-67.5
3	2015-11-10 13:01	26.21	54640	4.66	70.8	8.22	253	11.26	-67.5
3	2015-11-10 13:03	26.19	54690	4.69	71.3	8.22	253	11.24	-67.51
3	2015-11-10 13:05	26.22	54550	4.72	71.8	8.22	253	11.24	-67.56
3	2015-11-10 13:07	26.19	54580	4.76	72.3	8.22	254	11.26	-67.73
3	2015-11-10 13:09	26.22	54660	4.79	72.9	8.22	253	11.24	-67.85
3	2015-11-10 13:11	26.23	54620	4.83	73.5	8.23	253	11.24	-68.02
3	2015-11-10 13:13	26.25	54470	4.87	74.1	8.23	253	11.22	-68.1
3	2015-11-10 13:15	26.24	54550	4.91	74.6	8.23	253	11.26	-68.21
3	2015-11-10 13:17	26.26	54640	4.95	75.3	8.23	253	11.24	-68.29
3	2015-11-10 13:19	26.26	54520	4.99	75.9	8.23	252	11.22	-68.41
3	2015-11-10 13:21	26.27	54640	5.03	76.5	8.23	252	11.22	-68.48
3	2015-11-10 13:23	26.26	54540	5.06	77	8.23	252	11.24	-68.63
3	2015-11-10 13:25	26.26	54620	5.1	77.5	8.24	252	11.19	-68.71
3	2015-11-10 13:27	26.28	54590	5.14	78.2	8.24	251	11.16	-68.68
3	2015-11-10 13:29	26.28	54650	5.17	78.7	8.24	250	11.24	-68.68
3	2015-11-10 13:31	26.29	54680	5.21	79.3	8.24	251	11.22	-68.73
3	2015-11-10 13:33	26.3	54680	5.24	79.8	8.24	250	11.22	-68.82
3	2015-11-10 13:35	26.3	54710	5.27	80.3	8.24	250	11.21	-68.89
3	2015-11-10 13:37	26.24	54650	5.31	80.7	8.24	250	11.22	-68.96
3	2015-11-10 13:39	26.32	54530	5.34	81.2	8.24	250	11.22	-69
3	2015-11-10 13:41	26.32	54680	5.37	81.7	8.24	250	11.22	-69
3	2015-11-10 13:43	26.33	54610	5.41	82.4	8.24	250	11.22	-69.06
3	2015-11-10 13:45	26.38	54530	5.45	83	8.24	250	11.21	-69.13
3	2015-11-10 13:47	26.35	54590	5.49	83.5	8.25	249	11.21	-69.23
3	2015-11-10 13:49	26.33	54610	5.49	83.6	8.24	249	11.21	-69.16
3	2015-11-10 13:51	26.31	54680	5.49	83.6	8.24	248	11.21	-69.16
3	2015-11-10 13:53	26.33	54760	5.49	83.7	8.24	249	11.22	-69.13
3	2015-11-10 13:55	26.33	54670	5.51	83.8	8.24	249	11.22	-69.1
3	2015-11-10 13:57	26.33	54600	5.51	83.8	8.24	250	11.21	-69.15
3	2015-11-10 13:59	26.34	54650	5.52	84.1	8.25	249	11.21	-69.25
3	2015-11-10 14:01	26.37	54610	5.56	84.7	8.25	248	11.21	-69.34
3	2015-11-10 14:03	26.34	54640	5.56	84.7	8.25	249	11.22	-69.34
3	2015-11-10 14:05	26.41	54570	5.6	85.3	8.25	249	11.21	-69.46
3	2015-11-10 14:07	26.37	54600	5.64	85.8	8.25	248	11.22	-69.45
3	2015-11-10 14:09	26.4	54670	5.66	86.2	8.25	249	11.19	-69.49
3	2015-11-10 14:11	26.41	54650	5.69	86.7	8.25	247	11.22	-69.54
3	2015-11-10 14:13	26.41	54640	5.72	87.1	8.25	248	11.19	-69.54
3	2015-11-10 14:15	26.41	54660	5.72	87.1	8.25	247	11.22	-69.55
3	2015-11-10 14:17	26.37	54580	5.73	87.3	8.25	247	11.19	-69.62
3	2015-11-10 14:19	26.45	54670	5.75	87.7	8.25	246	11.21	-69.58
3	2015-11-10 14:21	26.46	54590	5.77	88	8.25	246	11.19	-69.58
3	2015-11-10 14:23	26.46	54460	5.79	88.2	8.25	247	11.21	-69.52
3	2015-11-10 14:25	26.46	54620	5.79	88.3	8.25	246	11.19	-69.59
3	2015-11-10 14:27	26.43	54520	5.81	88.6	8.25	247	11.19	-69.7
3	2015-11-10 14:29	26.48	54530	5.85	89.2	8.25	246	11.21	-69.7
3	2015-11-10 14:31	26.48	54590	5.88	89.7	8.25	245	11.19	-69.73
3	2015-11-10 14:33	26.42	54630	5.91	90.1	8.25	245	11.16	-69.83
3	2015-11-10 14:35	26.4	54690	5.89	89.8	8.25	245	11.21	-69.73
3	2015-11-10 14:37	26.39	54740	5.86	89.3	8.26	244	11.21	-69.86
3	2015-11-10 14:39	26.42	54710	5.86	89.3	8.25	245	11.19	-69.61
3	2015-11-10 14:41	26.46	54660	5.87	89.5	8.25	244	11.21	-69.61
3	2015-11-10 14:43	26.41	54670	5.87	89.4	8.25	246	11.19	-69.6
3	2015-11-10 14:45	26.4	54660	5.86	89.4	8.25	245	11.16	-69.51
3	2015-11-10 14:47	26.44	54560	5.84	89	8.25	245	11.21	-69.49
3	2015-11-10 14:49	26.48	54570	5.86	89.4	8.25	244	11.19	-69.53
3	2015-11-10 14:51	26.44	54680	5.87	89.6	8.25	245	11.16	-69.56
3	2015-11-10 14:53	26.48	54530	5.89	89.9	8.25	244	11.19	-69.66
3	2015-11-10 14:55	26.43	54560	5.93	90.4	8.25	244	11.17	-69.67
3	2015-11-10 14:57	26.44	54750	5.94	90.6	8.25	244	11.19	-69.62
3	2015-11-10 14:59	26.42	54680	5.93	90.4	8.25	245	11.19	-69.54
3	2015-11-10 15:01	26.4	54740	5.89	89.8	8.25	245	11.17	-69.47
3	2015-11-10 15:03	26.46	54640	5.88	89.8	8.25	245	11.17	-69.49
3	2015-11-10 15:05	26.42	54680	5.89	89.8	8.25	247	11.19	-69.47
3	2015-11-10 15:07	26.49	54670	5.91	90.2	8.25	247	11.17	-69.73
3	2015-11-10 15:09	26.48	54570	5.96	91	8.26	247	11.19	-69.84
3	2015-11-10 15:11	26.49	54670	5.97	91.2	8.25	247	11.19	-69.74
3	2015-11-10 15:13	26.49	54560	5.98	91.3	8.25	247	11.16	-69.72
3	2015-11-10 15:15	26.46	54770	5.97	91.2	8.25	248	11.16	-69.61
3	2015-11-10 15:17	26.46	54660	5.97	91	8.25	246	11.17	-69.62
3	2015-11-10 15:19	26.52	54630	5.96	91	8.25	247	11.17	-69.54
3	2015-11-10 15:21	26.55	54550	6.01	91.8	8.25	246	11.16	-69.68
3	2015-11-10 15:23	26.52	54460	6.02	91.9	8.25	247	11.17	-69.7
3	2015-11-10 15:25	26.51	54590	6.02	91.9	8.25	246	11.17	-69.6
3	2015-11-10 15:27	26.5	54750	6.01	91.7	8.25	245	11.16	-69.59
3	2015-11-10 15:29	26.52	54550	6.01	91.7	8.25	244	11.17	-69.63
3	2015-11-10 15:31	26.52	54570	6.02	91.9	8.25	245	11.16	-69.7
3	2015-11-10 15:33	26.5	54600	6	91.7	8.25	244	11.16	-69.55
3	2015-11-10 15:35	26.48	54700	5.99	91.4	8.25	246	11.19	-69.5
3	2015-11-10 15:37	26.5	54610	5.99	91.4	8.25	247	11.17	-69.53
3	2015-11-10 15:39	26.52	54630	5.99	91.4	8.25	247	11.19	-69.53
3	2015-11-10 15:41	26.58	54590	6	91.8	8.25	247	11.16	-69.71
3	2015-11-10 15:43	26.53	54610	6.04	92.2	8.26	248	11.17	-69.81
3	2015-11-10 15:45	26.59	54590	6.08	92.9	8.26	247	11.17	-69.96
3	2015-11-10 15:47	26.6	54600	6.14	93.8	8.26	245	11.16	-70.01
3	2015-11-10 15:49	26.5	54760	6.15	94	8.26	245	11.16	-69.93
3	2015-11-10 15:51	26.6	54700	6.14	93.9	8.26	244	11.16	-69.91
3	2015-11-10 15:53	26.6	54600	6.18	94.5	8.26	245	11.19	-69.91
3	2015-11-10 15:55	26.63	54540	6.22	95.2	8.26	245	11.17	-70.15
3	2015-11-10 15:57	26.6	54630	6.23	95.2	8.26	244	11.16	-69.92
3	2015-11-10 15:59	26.64	54710	6.27	95.9	8.26	244	11.17	-70.15
3	2015-11-10 16:01	26.62	54630	6.32	96.6	8.26	243	11.16	-70.22
3	2015-11-10 16:03	26.61	54710	6.29	96.3	8.26	243	11.14	-70.2
3	2015-11-10 16:05	26.58	54730	6.3	96.4	8.26	242	11.16	-70.08
3	2015-11-10 16:07	26.6	54690	6.33	96.7	8.26	243	11.16	-70.09
3	2015-11-10 16:09	26.58	54680	6.33	96.8	8.26	241	11.16	-69.98
3	2015-11-10 16:11	26.57	54690	6.29	96.1	8.26	242	11.16	-69.94
3	2015-11-10 16:13	26.59	54690	6.3	96.3	8.26	240	11.12	-69.92
3	2015-11-10 16:15	26.65	54670	6.33	96.9	8.26	241	11.14	-70.02
3	2015-11-10 16:17	26.62	54710	6.34	97	8.26	240	11.14	-69.96
3	2015-11-10 16:19	26.54	54750	6.36	97.2	8.26	241	11.16	-69.94
3	2015-11-10 16:21	26.61	54700	6.35	97.1	8.25	241	11.14	-69.91
3	2015-11-10 16:23	26.59	54750	6.34	97	8.25	241	11.12	-69.86
3	2015-11-10 16:25	26.59	54720	6.31	96.5	8.25	240	11.16	-69.82
3	2015-11-10 16:27	26.62	54590	6.28	96.1	8.25	240	11.16	-69.83
3	2015-11-10 16:29	26.66	54480	6.33	96.9	8.26	239	11.12	-69.98
3	2015-11-10 16:31	26.68	54550	6.36	97.4	8.26	239	11.14	-70.21
3	2015-11-10 16:33	26.64	54700	6.38	97.7	8.26	238	11.12	-70.42
3	2015-11-10 16:35	26.64	54710	6.38	97.7	8.27	238	11.16	-70.49
3	2015-11-10 16:37	26.63	54750	6.41	98.2	8.27	239	11.12	-70.5
3	2015-11-10 16:39	26.61	54690	6.42	98.2	8.26	239	11.14	-70.41
3	2015-11-10 16:41	26.57	54650	6.39	97.6	8.26	240	11.12	-70.18
3	2015-11-10 16:43	26.59	54650	6.34	96.9	8.26	240	11.12	-70.14
3	2015-11-10 16:45	26.56	54780	6.3	96.4	8.26	241	11.12	-70.12
3	2015-11-10 16:47	26.58	54800	6.27	95.9	8.26	241	11.14	-69.96
3	2015-11-10 16:49	26.6	54740	6.25	95.6	8.26	240	11.14	-69.96
3	2015-11-10 16:51	26.61	54570	6.25	95.6	8.26	240	11.16	-69.93
3	2015-11-10 16:53	26.6	54720	6.25	95.6	8.26	240	11.12	-70
3	2015-11-10 16:55	26.56	54660	6.25	95.4	8.26	242	11.14	-69.93
3	2015-11-10 16:57	26.59	54610	6.23	95.2	8.26	242	11.14	-69.91
3	2015-11-10 16:59	26.6	54640	6.22	95.1	8.26	243	11.16	-69.89
3	2015-11-10 17:01	26.62	54710	6.22	95.2	8.26	243	11.12	-69.89
3	2015-11-10 17:03	26.64	54670	6.25	95.6	8.25	243	11.14	-69.86
3	2015-11-10 17:05	26.62	54670	6.24	95.5	8.25	244	11.12	-69.82
3	2015-11-10 17:07	26.6	54690	6.22	95.1	8.25	245	11.14	-69.79
3	2015-11-10 17:09	26.59	54720	6.2	94.8	8.25	245	11.12	-69.77
3	2015-11-10 17:11	26.62	54670	6.2	94.8	8.25	244	11.14	-69.68
3	2015-11-10 17:13	26.63	54500	6.22	95.1	8.25	244	11.12	-69.75
3	2015-11-10 17:15	26.63	54700	6.23	95.4	8.25	244	11.12	-69.8
3	2015-11-10 17:17	26.63	54620	6.24	95.4	8.25	244	11.12	-69.79
3	2015-11-10 17:19	26.65	54660	6.25	95.7	8.25	244	11.14	-69.82
3	2015-11-10 17:21	26.74	54630	6.32	96.8	8.26	245	11.1	-70.03
3	2015-11-10 17:23	26.74	54490	6.42	98.4	8.26	244	11.12	-70.18
3	2015-11-10 17:25	26.75	54500	6.5	99.6	8.26	244	11.14	-70.37
3	2015-11-10 17:27	26.68	54620	6.51	99.7	8.26	243	11.14	-70.32
3	2015-11-10 17:29	26.72	54530	6.5	99.5	8.26	242	11.14	-70.31
3	2015-11-10 17:31	26.59	54840	6.57	100.5	8.27	241	11.12	-70.44
3	2015-11-10 17:33	26.72	54620	6.63	101.5	8.27	241	11.1	-70.58
3	2015-11-10 17:35	26.75	54620	6.69	102.5	8.27	242	11.1	-70.6
3	2015-11-10 17:37	26.77	54650	6.72	103	8.27	241	11.12	-70.63
3	2015-11-10 17:39	26.7	54690	6.72	102.9	8.27	242	11.12	-70.58
3	2015-11-10 17:41	26.77	54550	6.75	103.5	8.27	241	11.12	-70.59
3	2015-11-10 17:43	26.75	54680	6.79	104.1	8.27	240	11.12	-70.73
3	2015-11-10 17:45	26.76	54570	6.83	104.6	8.27	240	11.1	-70.81
3	2015-11-10 17:47	26.77	54580	6.87	105.3	8.27	240	11.09	-70.74
3	2015-11-10 17:49	26.74	54750	6.92	106	8.27	239	11.09	-70.66
3	2015-11-10 17:51	26.68	54760	6.9	105.6	8.27	238	11.12	-70.52
3	2015-11-10 17:53	26.74	54650	6.84	104.8	8.26	237	11.12	-70.41
3	2015-11-10 17:55	26.74	54770	6.88	105.6	8.27	238	11.09	-70.53
3	2015-11-10 17:57	26.79	54640	6.94	106.5	8.27	238	11.12	-70.57
3	2015-11-10 17:59	26.72	54760	6.92	106.2	8.26	238	11.12	-70.35
3	2015-11-10 18:01	26.78	54540	6.96	106.8	8.26	239	11.12	-70.4
3	2015-11-10 18:03	26.69	54600	6.96	106.5	8.27	240	11.12	-70.64
3	2015-11-10 18:05	26.68	54760	6.91	105.8	8.27	240	11.1	-70.67
3	2015-11-10 18:07	26.71	54830	6.86	105.2	8.27	239	11.07	-70.68
3	2015-11-10 18:09	26.77	54680	6.9	105.8	8.27	239	11.1	-70.72
3	2015-11-10 18:11	26.76	54670	6.97	106.9	8.27	239	11.12	-70.76
3	2015-11-10 18:13	26.79	54640	7	107.4	8.27	239	11.1	-70.73
3	2015-11-10 18:15	26.83	54690	7.02	107.8	8.27	240	11.09	-70.79
3	2015-11-10 18:17	26.83	54610	7.08	108.6	8.28	240	11.1	-71.09
3	2015-11-10 18:19	26.84	54670	7.14	109.6	8.28	240	11.1	-71.27
3	2015-11-10 18:21	26.84	54620	7.17	110.1	8.28	239	11.1	-71.28
3	2015-11-10 18:23	26.76	54750	7.14	109.5	8.27	240	11.12	-71.1
3	2015-11-10 18:25	26.76	54740	7.09	108.8	8.27	240	11.12	-71.06
3	2015-11-10 18:27	26.82	54690	7.07	108.6	8.28	240	11.09	-71.27
3	2015-11-10 18:29	26.82	54600	7.17	109.9	8.28	240	11.1	-71.56
3	2015-11-10 18:31	26.79	54720	7.15	109.7	8.28	240	11.09	-71.5
3	2015-11-10 18:33	26.78	54690	7.12	109.2	8.28	240	11.1	-71.45
3	2015-11-10 18:35	26.78	54630	7.1	108.9	8.28	241	11.09	-71.46
3	2015-11-10 18:37	26.77	54740	7.09	108.7	8.28	241	11.1	-71.52
3	2015-11-10 18:39	26.85	54730	7.1	109	8.28	240	11.09	-71.57
3	2015-11-10 18:41	26.82	54730	7.13	109.4	8.28	241	11.12	-71.62
3	2015-11-10 18:43	26.8	54690	7.15	109.7	8.28	241	11.09	-71.51
3	2015-11-10 18:45	26.8	54690	7.13	109.5	8.28	241	11.1	-71.49
3	2015-11-10 18:47	26.89	54630	7.2	110.7	8.28	242	11.1	-71.64
3	2015-11-10 18:49	26.87	54640	7.29	111.9	8.29	242	11.1	-71.75
3	2015-11-10 18:51	26.89	54580	7.34	112.8	8.29	242	11.09	-71.73
3	2015-11-10 18:53	26.86	54610	7.39	113.4	8.28	243	11.1	-71.57
3	2015-11-10 18:55	26.85	54730	7.44	114.2	8.28	242	11.09	-71.32
3	2015-11-10 18:57	26.81	54710	7.42	113.9	8.27	242	11.1	-71.05
3	2015-11-10 18:59	26.88	54750	7.39	113.6	8.27	242	11.09	-71.06
3	2015-11-10 19:01	26.87	54570	7.42	114	8.28	242	11.07	-71.15
