SENS_ID	SDN	O2	O2satper	TC	VpH	pHinsitu	COND	ORP	Vbatt
3	11/8/2015 14:44	8.56	107.4	25.87	-57.55	8.05	6045	225	11.02
3	11/8/2015 14:46	7	106.2	25.98	-56.26	8.04	54970	216	10.99
3	11/8/2015 14:48	6.97	107.2	26.89	-56.69	8.04	55080	198	11.02
3	11/8/2015 14:50	6.72	105.4	28.34	-57.7	8.09	53920	180	10.97
3	11/8/2015 14:52	6.44	98.9	26.9	-71.3	8.28	54330	176	11.02
3	11/8/2015 14:54	6.2	95.2	26.88	-69.46	8.25	54380	162	11
3	11/8/2015 14:56	6.12	94.1	26.95	-69.74	8.25	54340	151	11.04
3	11/8/2015 14:58	6.1	93.6	26.93	-69.44	8.25	54260	143	10.95
3	11/8/2015 15:00	6.09	93.4	26.9	-69.34	8.25	54310	136	10.99
3	11/8/2015 15:02	6.05	93	26.91	-68.96	8.24	54470	131	11.02
3	11/8/2015 15:04	6.05	92.9	26.92	-69.04	8.24	54350	128	11.02
3	11/8/2015 15:06	6.04	92.8	26.93	-69.09	8.24	54330	125	11.02
3	11/8/2015 15:08	6.05	93	26.96	-68.97	8.24	54430	122	11
3	11/8/2015 15:10	6.06	93.1	26.91	-68.84	8.24	54400	121	11.02
3	11/8/2015 15:12	6.07	93.2	26.91	-68.86	8.24	54450	119	11.02
3	11/8/2015 15:14	6.06	93.2	26.95	-68.84	8.24	54440	117	11.02
3	11/8/2015 15:16	6.07	93.2	26.94	-68.91	8.24	54400	117	11.04
3	11/8/2015 15:18	6.07	93.2	26.95	-68.88	8.24	54320	116	11
3	11/8/2015 15:20	6.07	93.3	26.95	-68.88	8.24	54390	115	11
3	11/8/2015 15:22	6.08	93.3	26.93	-68.9	8.24	54330	115	10.99
3	11/8/2015 15:24	6.08	93.4	26.95	-68.87	8.24	54290	114	10.99
3	11/8/2015 15:26	6.08	93.4	26.99	-68.8	8.24	54420	113	11
3	11/8/2015 15:28	6.12	94	26.96	-68.89	8.24	54420	113	11
3	11/8/2015 15:30	6.12	94.1	26.95	-68.87	8.24	54430	113	10.99
3	11/8/2015 15:32	6.16	94.7	26.96	-68.96	8.24	54330	113	11
3	11/8/2015 15:34	6.19	95.1	26.95	-68.9	8.24	54460	113	10.99
3	11/8/2015 15:36	6.21	95.4	26.94	-68.89	8.24	54450	113	10.99
3	11/8/2015 15:38	6.22	95.6	26.94	-68.84	8.24	54370	113	11.02
3	11/8/2015 15:40	6.25	95.9	26.93	-68.8	8.24	54360	112	11
3	11/8/2015 15:42	6.26	96.2	26.92	-68.79	8.24	54560	112	10.99
3	11/8/2015 15:44	6.28	96.4	26.91	-68.79	8.24	54370	111	11
3	11/8/2015 15:46	6.29	96.6	26.92	-68.8	8.24	54400	111	11
3	11/8/2015 15:48	6.3	96.7	26.93	-68.79	8.24	54440	111	10.99
3	11/8/2015 15:50	6.31	96.8	26.94	-68.82	8.24	54350	111	11
3	11/8/2015 15:52	6.3	96.8	26.95	-68.88	8.24	54390	111	11
3	11/8/2015 15:54	6.31	96.9	26.96	-68.97	8.24	54290	110	10.99
3	11/8/2015 15:56	6.32	97.1	26.99	-69.04	8.24	54390	110	10.99
3	11/8/2015 15:58	6.32	97.2	27	-69.26	8.24	54410	110	10.99
3	11/8/2015 16:00	6.34	97.4	26.96	-69.27	8.24	54420	110	11.02
3	11/8/2015 16:02	6.32	97.1	26.98	-69.19	8.24	54400	110	10.99
3	11/8/2015 16:04	6.33	97.2	26.97	-69.06	8.24	54320	110	11
3	11/8/2015 16:06	6.33	97.3	26.96	-69	8.24	54440	110	11.02
3	11/8/2015 16:08	6.35	97.5	26.97	-69.03	8.24	54420	110	10.99
3	11/8/2015 16:10	6.38	98	26.98	-69.14	8.24	54320	110	10.97
3	11/8/2015 16:12	6.38	98.1	26.96	-69.11	8.24	54460	110	10.99
3	11/8/2015 16:14	6.37	97.8	26.95	-68.97	8.24	54330	110	10.97
3	11/8/2015 16:16	6.36	97.7	26.95	-68.86	8.24	54400	110	11.02
3	11/8/2015 16:18	6.34	97.4	26.95	-68.8	8.24	54480	110	10.99
3	11/8/2015 16:20	6.35	97.5	26.94	-68.78	8.24	54420	110	10.99
3	11/8/2015 16:22	6.33	97.3	26.94	-68.75	8.24	54410	110	10.99
3	11/8/2015 16:24	6.32	97.1	26.94	-68.72	8.24	54300	110	11
3	11/8/2015 16:26	6.32	97.2	26.95	-68.7	8.24	54390	110	10.99
3	11/8/2015 16:28	6.32	97.1	26.95	-68.62	8.23	54400	110	10.99
3	11/8/2015 16:30	6.31	97	26.95	-68.51	8.23	54430	110	10.99
3	11/8/2015 16:32	6.3	96.8	26.94	-68.55	8.23	54400	110	10.99
3	11/8/2015 16:34	6.29	96.5	26.92	-68.47	8.23	54340	110	10.99
3	11/8/2015 16:36	6.26	96.2	26.93	-68.39	8.23	54500	110	11
3	11/8/2015 16:38	6.24	95.8	26.93	-68.33	8.23	54320	110	10.95
3	11/8/2015 16:40	6.23	95.7	26.93	-68.28	8.23	54360	110	10.97
3	11/8/2015 16:42	6.21	95.4	26.94	-68.27	8.23	54370	111	10.97
3	11/8/2015 16:44	6.2	95.3	26.95	-68.21	8.23	54470	111	11
3	11/8/2015 16:46	6.17	94.8	26.95	-68.24	8.23	54350	110	10.99
3	11/8/2015 16:48	6.16	94.7	26.94	-68.23	8.23	54350	110	10.99
3	11/8/2015 16:50	6.16	94.6	26.95	-68.24	8.23	54400	111	10.99
3	11/8/2015 16:52	6.15	94.4	26.95	-68.28	8.23	54350	111	10.99
3	11/8/2015 16:54	6.15	94.5	26.95	-68.29	8.23	54430	111	10.97
3	11/8/2015 16:56	6.14	94.3	26.95	-68.25	8.23	54380	111	10.97
3	11/8/2015 16:58	6.15	94.4	26.95	-68.18	8.23	54390	112	10.97
3	11/8/2015 17:00	6.13	94.3	26.95	-68.17	8.23	54490	111	10.99
3	11/8/2015 17:02	6.14	94.3	26.95	-68.13	8.23	54330	111	11
3	11/8/2015 17:04	6.14	94.3	26.95	-68.12	8.23	54480	112	10.97
3	11/8/2015 17:06	6.13	94.2	26.95	-68.12	8.23	54450	112	10.99
3	11/8/2015 17:08	6.13	94.2	26.95	-68.14	8.23	54540	112	10.95
3	11/8/2015 17:10	6.15	94.6	26.96	-68.13	8.23	54510	112	10.99
3	11/8/2015 17:12	6.16	94.7	26.97	-68.22	8.23	54350	112	10.99
3	11/8/2015 17:14	6.18	95	26.97	-68.27	8.23	54420	112	10.99
3	11/8/2015 17:16	6.17	94.9	26.97	-68.3	8.23	54570	112	10.95
3	11/8/2015 17:18	6.16	94.8	26.98	-68.25	8.23	54600	112	10.95
3	11/8/2015 17:20	6.16	94.7	26.98	-68.23	8.23	54470	112	10.95
3	11/8/2015 17:22	6.16	94.7	26.98	-68.25	8.23	54450	112	10.99
3	11/8/2015 17:24	6.15	94.6	26.99	-68.24	8.23	54410	112	10.99
3	11/8/2015 17:26	6.13	94.3	26.98	-68.16	8.23	54520	112	10.99
3	11/8/2015 17:28	6.13	94.3	26.99	-68.1	8.22	54480	112	10.95
3	11/8/2015 17:30	6.12	94.1	27	-68.12	8.23	54400	112	10.97
3	11/8/2015 17:32	6.12	94.1	27	-68.14	8.23	54470	112	10.97
3	11/8/2015 17:34	6.12	94	27	-68.11	8.23	54350	112	10.95
3	11/8/2015 17:36	6.1	93.9	27	-68.06	8.22	54560	112	10.95
3	11/8/2015 17:38	6.09	93.8	27.01	-68.1	8.23	54550	113	10.95
3	11/8/2015 17:40	6.1	93.8	27.02	-68.08	8.22	54440	113	10.95
3	11/8/2015 17:42	6.11	94.1	27.05	-68.03	8.22	54640	113	10.95
3	11/8/2015 17:44	6.18	95.2	27.08	-68.13	8.22	54590	113	10.93
3	11/8/2015 17:46	6.23	95.9	27.07	-68.3	8.23	54510	113	10.95
3	11/8/2015 17:48	6.26	96.4	27.06	-68.3	8.23	54370	113	10.99
3	11/8/2015 17:50	6.26	96.4	27.07	-68.28	8.23	54520	113	10.95
3	11/8/2015 17:52	6.29	96.9	27.08	-68.34	8.23	54560	114	10.95
3	11/8/2015 17:54	6.35	97.8	27.1	-68.54	8.23	54580	114	10.95
3	11/8/2015 17:56	6.39	98.5	27.1	-68.71	8.24	54660	114	10.95
3	11/8/2015 17:58	6.42	98.9	27.1	-68.69	8.24	54600	115	10.97
3	11/8/2015 18:00	6.43	99.1	27.1	-68.83	8.24	54490	115	10.95
3	11/8/2015 18:02	6.45	99.4	27.1	-68.88	8.24	54560	115	10.95
3	11/8/2015 18:04	6.45	99.4	27.1	-68.88	8.24	54500	115	10.95
3	11/8/2015 18:06	6.45	99.4	27.1	-68.83	8.24	54520	115	10.95
3	11/8/2015 18:08	6.44	99.3	27.1	-68.82	8.24	54620	116	10.95
3	11/8/2015 18:10	6.43	99.1	27.1	-68.85	8.24	54650	116	10.95
3	11/8/2015 18:12	6.42	99	27.11	-68.74	8.24	54530	116	10.97
3	11/8/2015 18:14	6.44	99.2	27.11	-68.71	8.23	54520	117	10.97
3	11/8/2015 18:16	6.39	98.5	27.1	-68.76	8.24	54560	118	10.95
3	11/8/2015 18:18	6.36	98	27.11	-68.72	8.24	54460	119	10.97
3	11/8/2015 18:20	6.34	97.7	27.11	-68.7	8.24	54530	119	10.95
3	11/8/2015 18:22	6.32	97.4	27.1	-68.68	8.24	54550	120	10.93
3	11/8/2015 18:24	6.34	97.7	27.11	-68.63	8.23	54540	120	10.93
3	11/8/2015 18:26	6.38	98.4	27.11	-68.73	8.24	54620	120	10.95
3	11/8/2015 18:28	6.4	98.7	27.12	-68.8	8.24	54600	121	10.93
3	11/8/2015 18:30	6.41	98.8	27.12	-68.88	8.24	54570	122	10.93
3	11/8/2015 18:32	6.42	98.9	27.12	-68.9	8.24	54580	122	10.93
3	11/8/2015 18:34	6.41	98.8	27.13	-68.92	8.24	54610	123	10.97
3	11/8/2015 18:36	6.4	98.8	27.12	-68.93	8.24	54640	123	10.93
3	11/8/2015 18:38	6.41	98.8	27.13	-68.93	8.24	54470	124	10.93
3	11/8/2015 18:40	6.4	98.7	27.12	-68.95	8.24	54610	124	10.92
3	11/8/2015 18:42	6.41	98.8	27.12	-68.99	8.24	54600	125	10.93
3	11/8/2015 18:44	6.42	99	27.12	-69.03	8.24	54640	125	10.95
3	11/8/2015 18:46	6.43	99.1	27.12	-69.1	8.24	54610	126	10.97
3	11/8/2015 18:48	6.41	98.9	27.12	-69.09	8.24	54500	126	10.95
3	11/8/2015 18:50	6.41	98.9	27.11	-69.13	8.24	54700	126	10.93
3	11/8/2015 18:52	6.41	98.8	27.11	-69.14	8.24	54590	127	10.93
3	11/8/2015 18:54	6.4	98.6	27.11	-69.1	8.24	54580	127	10.95
3	11/8/2015 18:56	6.38	98.3	27.1	-68.91	8.24	54590	128	10.95
3	11/8/2015 18:58	6.34	97.8	27.1	-68.86	8.24	54600	128	10.93
3	11/8/2015 19:00	6.33	97.6	27.1	-68.93	8.24	54690	128	10.93
3	11/8/2015 19:02	6.31	97.3	27.1	-68.93	8.24	54640	129	10.93
3	11/8/2015 19:04	6.31	97.3	27.1	-68.84	8.24	54660	130	10.93
3	11/8/2015 19:06	6.31	97.2	27.1	-68.85	8.24	54640	131	10.95
3	11/8/2015 19:08	6.29	96.9	27.09	-68.79	8.24	54660	132	10.83
3	11/8/2015 19:10	6.27	96.5	27.09	-68.71	8.24	54480	132	10.95
3	11/8/2015 19:12	6.24	96.1	27.09	-68.72	8.24	54540	133	10.95
3	11/8/2015 19:14	6.2	95.6	27.08	-68.73	8.24	54630	135	10.92
3	11/8/2015 19:16	6.19	95.4	27.08	-68.74	8.24	54580	135	10.93
3	11/8/2015 19:18	6.18	95.2	27.08	-68.74	8.24	54680	136	10.93
3	11/8/2015 19:20	6.16	94.9	27.08	-68.72	8.24	54720	137	10.82
3	11/8/2015 19:22	6.13	94.5	27.07	-68.74	8.24	54630	137	10.93
3	11/8/2015 19:24	6.12	94.2	27.06	-68.69	8.24	54540	138	10.93
3	11/8/2015 19:26	6.11	94.1	27.06	-68.64	8.24	54630	139	10.93
3	11/8/2015 19:28	6.1	93.9	27.05	-68.6	8.23	54620	140	10.95
3	11/8/2015 19:30	6.08	93.6	27.02	-68.58	8.23	54560	141	10.95
3	11/8/2015 19:32	6.05	93.1	27	-68.57	8.23	54560	141	10.92
3	11/8/2015 19:34	6.02	92.7	26.98	-68.45	8.23	54620	142	10.93
3	11/8/2015 19:36	6	92.4	26.95	-68.33	8.23	54680	143	10.95
3	11/8/2015 19:38	5.98	91.9	26.93	-68.37	8.23	54600	144	10.92
3	11/8/2015 19:40	5.97	91.8	26.94	-68.35	8.23	54560	145	10.95
3	11/8/2015 19:42	5.96	91.7	26.91	-68.33	8.23	54620	146	10.92
3	11/8/2015 19:44	5.95	91.4	26.91	-68.29	8.23	54640	147	10.93
3	11/8/2015 19:46	5.94	91.3	26.91	-68.26	8.23	54520	149	10.92
3	11/8/2015 19:48	5.92	91	26.87	-68.31	8.23	54640	149	10.92
3	11/8/2015 19:50	5.92	90.9	26.86	-68.32	8.23	54590	150	10.92
3	11/8/2015 19:52	5.92	90.8	26.85	-68.31	8.23	54540	152	10.92
3	11/8/2015 19:54	5.9	90.6	26.85	-68.3	8.23	54670	154	10.9
3	11/8/2015 19:56	5.89	90.4	26.82	-68.3	8.23	54520	155	10.92
3	11/8/2015 19:58	5.88	90.2	26.82	-68.29	8.23	54640	156	10.92
3	11/8/2015 20:00	5.88	90.2	26.79	-68.33	8.23	54620	157	10.92
3	11/8/2015 20:02	5.87	90	26.78	-68.42	8.23	54540	158	10.92
3	11/8/2015 20:04	5.86	89.8	26.78	-68.39	8.23	54560	159	10.93
3	11/8/2015 20:06	5.85	89.7	26.75	-68.38	8.23	54540	159	10.9
3	11/8/2015 20:08	5.84	89.4	26.73	-68.42	8.23	54570	160	10.93
3	11/8/2015 20:10	5.83	89.3	26.74	-68.36	8.23	54590	161	10.93
3	11/8/2015 20:12	5.82	89.2	26.72	-68.47	8.23	54660	161	10.93
3	11/8/2015 20:14	5.81	89.1	26.69	-68.48	8.23	54700	161	10.92
3	11/8/2015 20:16	5.81	89	26.7	-68.42	8.23	54600	161	10.9
3	11/8/2015 20:18	5.79	88.7	26.67	-68.5	8.24	54710	162	10.93
3	11/8/2015 20:20	5.79	88.5	26.65	-68.48	8.23	54580	163	10.93
3	11/8/2015 20:22	5.78	88.4	26.62	-68.53	8.24	54560	163	10.9
3	11/8/2015 20:24	5.76	88.2	26.63	-68.49	8.23	54690	163	10.93
3	11/8/2015 20:26	5.76	88.1	26.62	-68.42	8.23	54670	164	10.93
3	11/8/2015 20:28	5.74	87.8	26.62	-68.46	8.23	54530	163	10.9
3	11/8/2015 20:30	5.74	87.7	26.58	-68.48	8.23	54640	164	10.92
3	11/8/2015 20:32	5.74	87.7	26.55	-68.55	8.24	54640	164	10.92
3	11/8/2015 20:34	5.74	87.7	26.56	-68.49	8.24	54540	165	10.93
3	11/8/2015 20:36	5.73	87.6	26.55	-68.45	8.23	54690	165	10.93
3	11/8/2015 20:38	5.73	87.5	26.54	-68.45	8.23	54550	166	10.88
3	11/8/2015 20:40	5.72	87.3	26.53	-68.42	8.23	54680	165	10.9
3	11/8/2015 20:42	5.71	87.2	26.52	-68.46	8.24	54730	166	10.93
3	11/8/2015 20:44	5.7	87.1	26.53	-68.45	8.23	54650	167	10.92
3	11/8/2015 20:46	5.71	87.1	26.51	-68.58	8.24	54650	168	10.92
3	11/8/2015 20:48	5.69	86.9	26.5	-68.67	8.24	54730	168	10.9
3	11/8/2015 20:50	5.69	86.9	26.49	-68.69	8.24	54730	169	10.88
3	11/8/2015 20:52	5.68	86.7	26.49	-68.73	8.24	54750	171	10.88
3	11/8/2015 20:54	5.68	86.7	26.49	-68.78	8.24	54690	172	10.92
3	11/8/2015 20:56	5.67	86.5	26.47	-68.75	8.24	54610	173	10.9
3	11/8/2015 20:58	5.66	86.3	26.46	-68.75	8.24	54750	174	10.92
3	11/9/2015 21:00	5.67	86.5	26.43	-68.82	8.24	54710	175	10.92
3	11/9/2015 21:02	5.67	86.5	26.43	-68.85	8.24	54730	176	10.92
3	11/9/2015 21:04	5.68	86.6	26.42	-68.83	8.24	54670	177	10.92
3	11/9/2015 21:06	5.69	86.7	26.41	-68.81	8.24	54600	178	10.88
3	11/9/2015 21:08	5.69	86.8	26.42	-68.79	8.24	54700	177	10.92
3	11/9/2015 21:10	5.69	86.8	26.41	-68.86	8.24	54680	178	10.9
3	11/9/2015 21:12	5.7	86.8	26.42	-68.8	8.24	54580	179	10.9
3	11/9/2015 21:14	5.69	86.7	26.39	-68.81	8.24	54640	180	10.92
3	11/9/2015 21:16	5.68	86.6	26.39	-68.73	8.24	54660	181	10.92
3	11/9/2015 21:18	5.68	86.6	26.39	-68.69	8.24	54650	182	10.9
3	11/9/2015 21:20	5.66	86.3	26.39	-68.65	8.24	54580	182	10.88
3	11/9/2015 21:22	5.64	86.1	26.38	-68.62	8.24	54750	182	10.9
3	11/9/2015 21:24	5.62	85.7	26.37	-68.62	8.24	54670	183	10.9
3	11/9/2015 21:26	5.61	85.4	26.37	-68.62	8.24	54720	183	10.88
3	11/9/2015 21:28	5.6	85.4	26.37	-68.6	8.24	54740	183	10.9
3	11/9/2015 21:30	5.61	85.4	26.35	-68.61	8.24	54620	183	10.9
3	11/9/2015 21:32	5.6	85.3	26.34	-68.66	8.24	54640	183	10.88
3	11/9/2015 21:34	5.6	85.3	26.33	-68.67	8.24	54670	183	10.88
3	11/9/2015 21:36	5.6	85.3	26.34	-68.69	8.24	54790	184	10.88
3	11/9/2015 21:38	5.61	85.5	26.34	-68.67	8.24	54670	184	10.88
3	11/9/2015 21:40	5.62	85.5	26.33	-68.71	8.24	54620	185	10.9
3	11/9/2015 21:42	5.61	85.4	26.33	-68.69	8.24	54590	186	10.9
3	11/9/2015 21:44	5.62	85.6	26.33	-68.67	8.24	54630	186	10.88
3	11/9/2015 21:46	5.62	85.6	26.33	-68.67	8.24	54620	187	10.92
3	11/9/2015 21:48	5.62	85.5	26.33	-68.63	8.24	54590	187	10.88
3	11/9/2015 21:50	5.62	85.5	26.3	-68.63	8.24	54620	188	10.9
3	11/9/2015 21:52	5.62	85.5	26.31	-68.57	8.24	54550	187	10.88
3	11/9/2015 21:54	5.61	85.4	26.31	-68.56	8.24	54590	188	10.83
3	11/9/2015 21:56	5.6	85.2	26.3	-68.53	8.24	54820	189	10.88
3	11/9/2015 21:58	5.59	85.1	26.3	-68.49	8.24	54700	189	10.88
3	11/9/2015 22:00	5.58	85	26.29	-68.48	8.24	54820	190	10.87
3	11/9/2015 22:02	5.58	84.9	26.29	-68.43	8.24	54800	190	10.88
3	11/9/2015 22:04	5.58	84.9	26.28	-68.47	8.24	54580	191	10.92
3	11/9/2015 22:06	5.58	84.9	26.28	-68.45	8.24	54760	192	10.88
3	11/9/2015 22:08	5.6	85.1	26.27	-68.43	8.24	54570	192	10.88
3	11/9/2015 22:10	5.59	85.1	26.27	-68.45	8.24	54680	192	10.9
3	11/9/2015 22:12	5.59	85	26.27	-68.48	8.24	54790	193	10.9
3	11/9/2015 22:14	5.59	85	26.27	-68.4	8.24	54770	194	10.88
3	11/9/2015 22:16	5.57	84.8	26.27	-68.4	8.24	54780	195	10.9
3	11/9/2015 22:18	5.56	84.6	26.27	-68.39	8.23	54740	195	10.87
3	11/9/2015 22:20	5.56	84.6	26.27	-68.35	8.23	54800	196	10.88
3	11/9/2015 22:22	5.57	84.8	26.26	-68.33	8.23	54680	196	10.9
3	11/9/2015 22:24	5.56	84.6	26.26	-68.28	8.23	54780	197	10.87
3	11/9/2015 22:26	5.57	84.7	26.26	-68.28	8.23	54660	197	10.9
3	11/9/2015 22:28	5.57	84.7	26.26	-68.26	8.23	54670	197	10.88
3	11/9/2015 22:30	5.56	84.5	26.26	-68.24	8.23	54640	197	10.88
3	11/9/2015 22:32	5.55	84.4	26.27	-68.12	8.23	54660	198	10.88
3	11/9/2015 22:34	5.53	84.2	26.26	-68.06	8.23	54730	198	10.88
3	11/9/2015 22:36	5.52	84	26.26	-68.06	8.23	54730	197	10.88
3	11/9/2015 22:38	5.52	83.9	26.26	-68.04	8.23	54600	197	10.87
3	11/9/2015 22:40	5.51	83.8	26.25	-68.09	8.23	54750	197	10.88
3	11/9/2015 22:42	5.5	83.6	26.26	-68.05	8.23	54760	197	10.87
3	11/9/2015 22:44	5.49	83.5	26.26	-67.98	8.23	54630	197	10.88
3	11/9/2015 22:46	5.47	83.2	26.26	-67.97	8.23	54810	197	10.87
3	11/9/2015 22:48	5.44	82.8	26.26	-67.88	8.23	54780	197	10.88
3	11/9/2015 22:50	5.43	82.6	26.26	-67.79	8.22	54680	198	10.87
3	11/9/2015 22:52	5.41	82.3	26.27	-67.74	8.22	54700	197	10.88
3	11/9/2015 22:54	5.38	81.9	26.27	-67.65	8.22	54700	198	10.87
3	11/9/2015 22:56	5.36	81.5	26.27	-67.6	8.22	54790	198	10.88
3	11/9/2015 22:58	5.34	81.2	26.27	-67.57	8.22	54660	198	10.88
3	11/9/2015 23:00	5.31	80.8	26.27	-67.55	8.22	54650	198	10.88
3	11/9/2015 23:02	5.29	80.5	26.27	-67.56	8.22	54710	198	10.88
3	11/9/2015 23:04	5.28	80.3	26.27	-67.52	8.22	54720	198	10.88
3	11/9/2015 23:06	5.27	80.2	26.27	-67.49	8.22	54780	198	10.87
3	11/9/2015 23:08	5.26	80	26.27	-67.43	8.22	54800	197	10.85
3	11/9/2015 23:10	5.25	79.8	26.27	-67.45	8.22	54680	197	10.87
3	11/9/2015 23:12	5.24	79.7	26.27	-67.43	8.22	54790	198	10.85
3	11/9/2015 23:14	5.24	79.7	26.28	-67.38	8.22	54740	198	10.87
3	11/9/2015 23:16	5.23	79.5	26.28	-67.4	8.22	54660	198	10.87
3	11/9/2015 23:18	5.22	79.4	26.28	-67.37	8.22	54690	199	10.88
3	11/9/2015 23:20	5.22	79.4	26.28	-67.41	8.22	54760	199	10.88
3	11/9/2015 23:22	5.21	79.3	26.27	-67.4	8.22	54720	200	10.88
3	11/9/2015 23:24	5.22	79.4	26.27	-67.4	8.22	54770	200	10.88
3	11/9/2015 23:26	5.23	79.6	26.25	-67.5	8.22	54720	200	10.85
3	11/9/2015 23:28	5.24	79.7	26.25	-67.44	8.22	54780	200	10.87
3	11/9/2015 23:30	5.24	79.7	26.25	-67.48	8.22	54740	200	10.87
3	11/9/2015 23:32	5.24	79.7	26.25	-67.43	8.22	54800	201	10.85
3	11/9/2015 23:34	5.24	79.7	26.25	-67.44	8.22	54720	202	10.87
3	11/9/2015 23:36	5.24	79.7	26.25	-67.44	8.22	54730	202	10.87
3	11/9/2015 23:38	5.24	79.8	26.25	-67.44	8.22	54790	202	10.87
3	11/9/2015 23:40	5.26	80.1	26.25	-67.44	8.22	54740	202	10.87
3	11/9/2015 23:42	5.28	80.3	26.25	-67.53	8.22	54760	201	10.85
3	11/9/2015 23:44	5.28	80.3	26.25	-67.49	8.22	54720	201	10.87
3	11/9/2015 23:46	5.28	80.3	26.25	-67.51	8.22	54730	201	10.87
3	11/9/2015 23:48	5.3	80.6	26.25	-67.57	8.22	54690	201	10.85
3	11/9/2015 23:50	5.31	80.8	26.25	-67.6	8.22	54650	201	10.85
3	11/9/2015 23:52	5.32	80.9	26.25	-67.59	8.22	54760	202	10.87
3	11/9/2015 23:54	5.33	81.1	26.25	-67.62	8.22	54710	203	10.87
3	11/9/2015 23:56	5.35	81.3	26.25	-67.7	8.22	54750	203	10.85
3	11/9/2015 23:58	5.37	81.7	26.25	-67.68	8.22	54730	204	10.85
3	11/10/2015 0:00	5.38	81.7	26.25	-67.65	8.22	54690	203	10.85
3	11/10/2015 0:02	5.37	81.7	26.25	-67.63	8.22	54780	203	10.83
3	11/10/2015 0:04	5.4	82.1	26.25	-67.65	8.22	54670	203	10.82
3	11/10/2015 0:06	5.41	82.3	26.25	-67.66	8.22	54550	204	10.83
3	11/10/2015 0:08	5.41	82.3	26.25	-67.64	8.22	54710	204	10.87
3	11/10/2015 0:10	5.42	82.4	26.25	-67.71	8.22	54720	204	10.87
3	11/10/2015 0:12	5.42	82.4	26.25	-67.64	8.22	54680	203	10.87
3	11/10/2015 0:14	5.42	82.5	26.25	-67.67	8.22	54650	203	10.87
3	11/10/2015 0:16	5.42	82.5	26.25	-67.68	8.22	54670	203	10.85
3	11/10/2015 0:18	5.42	82.5	26.25	-67.66	8.22	54760	205	10.87
3	11/10/2015 0:20	5.42	82.4	26.25	-67.64	8.22	54730	205	10.83
3	11/10/2015 0:22	5.42	82.4	26.24	-67.66	8.22	54750	206	10.85
3	11/10/2015 0:24	5.41	82.3	26.24	-67.61	8.22	54760	206	10.87
3	11/10/2015 0:26	5.4	82.1	26.25	-67.53	8.22	54890	206	10.83
3	11/10/2015 0:28	5.38	81.8	26.25	-67.48	8.22	54690	206	10.85
3	11/10/2015 0:30	5.36	81.6	26.25	-67.48	8.22	54760	205	10.83
3	11/10/2015 0:32	5.35	81.3	26.25	-67.49	8.22	54740	205	10.83
3	11/10/2015 0:34	5.34	81.2	26.25	-67.45	8.22	54740	205	10.85
3	11/10/2015 0:36	5.33	81.1	26.24	-67.49	8.22	54770	204	10.85
3	11/10/2015 0:38	5.33	81.1	26.24	-67.5	8.22	54840	204	10.83
3	11/10/2015 0:40	5.34	81.2	26.23	-67.51	8.22	54690	203	10.83
3	11/10/2015 0:42	5.34	81.2	26.23	-67.52	8.22	54760	202	10.85
3	11/10/2015 0:44	5.33	81.1	26.24	-67.5	8.22	54870	201	10.85
3	11/10/2015 0:46	5.33	81	26.23	-67.58	8.22	54800	200	10.85
3	11/10/2015 0:48	5.34	81.2	26.23	-67.78	8.22	54810	199	10.83
3	11/10/2015 0:50	5.36	81.5	26.23	-67.75	8.22	54780	199	10.85
3	11/10/2015 0:52	5.38	81.8	26.23	-67.86	8.23	54730	199	10.82
3	11/10/2015 0:54	5.4	82.1	26.23	-67.89	8.23	54790	200	10.85
3	11/10/2015 0:56	5.42	82.4	26.23	-67.88	8.23	54710	201	10.82
3	11/10/2015 0:58	5.42	82.5	26.23	-67.81	8.23	54860	203	10.85
3	11/10/2015 1:00	5.43	82.6	26.23	-67.81	8.23	54770	204	10.82
3	11/10/2015 1:02	5.43	82.6	26.23	-67.73	8.22	54760	205	10.82
3	11/10/2015 1:04	5.43	82.6	26.23	-67.71	8.22	54860	204	10.83
3	11/10/2015 1:06	5.42	82.4	26.23	-67.64	8.22	54750	204	10.85
3	11/10/2015 1:08	5.4	82.2	26.23	-67.63	8.22	54850	204	10.82
3	11/10/2015 1:10	5.4	82.1	26.23	-67.59	8.22	54790	204	10.82
3	11/10/2015 1:12	5.39	82	26.23	-67.57	8.22	54770	205	10.83
3	11/10/2015 1:14	5.39	81.9	26.23	-67.55	8.22	54850	204	10.85
3	11/10/2015 1:16	5.38	81.8	26.23	-67.56	8.22	54770	205	10.83
3	11/10/2015 1:18	5.38	81.7	26.23	-67.51	8.22	54730	205	10.82
3	11/10/2015 1:20	5.37	81.7	26.23	-67.52	8.22	54810	207	10.83
3	11/10/2015 1:22	5.38	81.8	26.23	-67.48	8.22	54830	207	10.82
3	11/10/2015 1:24	5.38	81.7	26.23	-67.44	8.22	54760	206	10.85
3	11/10/2015 1:26	5.36	81.5	26.23	-67.44	8.22	54760	206	10.83
3	11/10/2015 1:28	5.34	81.3	26.23	-67.41	8.22	54860	206	10.82
3	11/10/2015 1:30	5.32	80.9	26.23	-67.41	8.22	54710	206	10.82
3	11/10/2015 1:32	5.3	80.6	26.23	-67.31	8.22	54720	206	10.82
3	11/10/2015 1:34	5.26	80	26.23	-67.27	8.22	54840	207	10.82
3	11/10/2015 1:36	5.22	79.4	26.23	-67.13	8.21	54810	207	10.83
3	11/10/2015 1:38	5.19	79	26.23	-66.98	8.21	54830	207	10.82
3	11/10/2015 1:40	5.16	78.5	26.23	-66.92	8.21	54760	207	10.82
3	11/10/2015 1:42	5.15	78.3	26.24	-66.87	8.21	54870	206	10.8
3	11/10/2015 1:44	5.14	78.1	26.23	-66.9	8.21	54730	206	10.83
3	11/10/2015 1:46	5.13	78	26.24	-66.9	8.21	54830	205	10.82
3	11/10/2015 1:48	5.11	77.8	26.24	-66.86	8.21	54880	206	10.83
3	11/10/2015 1:50	5.09	77.4	26.25	-66.74	8.21	54810	206	10.78
3	11/10/2015 1:52	5.08	77.2	26.25	-66.72	8.21	54730	207	10.83
3	11/10/2015 1:54	5.08	77.2	26.24	-66.85	8.21	54740	206	10.82
3	11/10/2015 1:56	5.09	77.4	26.25	-66.8	8.21	54720	207	10.83
3	11/10/2015 1:58	5.08	77.3	26.25	-66.81	8.21	54730	207	10.83
3	11/10/2015 2:00	5.06	77	26.25	-66.75	8.21	54880	208	10.83
3	11/10/2015 2:02	5.01	76.2	26.25	-66.45	8.2	54770	208	10.83
3	11/10/2015 2:04	4.98	75.8	26.25	-66.39	8.2	54690	210	10.83
3	11/10/2015 2:06	4.97	75.7	26.25	-66.49	8.2	54710	212	10.83
3	11/10/2015 2:08	4.97	75.5	26.24	-66.42	8.2	54780	214	10.8
3	11/10/2015 2:10	4.94	75.2	26.24	-66.32	8.2	54820	214	10.82
3	11/10/2015 2:12	4.93	75	26.24	-66.24	8.2	54740	215	10.8
3	11/10/2015 2:14	4.93	75	26.24	-66.15	8.2	54750	214	10.82
3	11/10/2015 2:16	4.94	75.1	26.23	-66.23	8.2	54800	215	10.82
3	11/10/2015 2:18	4.95	75.2	26.23	-66.19	8.2	54770	215	10.83
3	11/10/2015 2:20	4.96	75.4	26.23	-66.27	8.2	54860	216	10.8
3	11/10/2015 2:22	4.96	75.4	26.23	-66.33	8.2	54870	216	10.8
3	11/10/2015 2:24	4.96	75.5	26.23	-66.32	8.2	54800	216	10.8
3	11/10/2015 2:26	4.96	75.4	26.22	-66.3	8.2	54720	216	10.8
3	11/10/2015 2:28	4.98	75.7	26.21	-66.29	8.2	54830	216	10.83
3	11/10/2015 2:30	4.98	75.7	26.21	-66.34	8.2	54680	216	10.8
3	11/10/2015 2:32	4.98	75.8	26.21	-66.37	8.2	54840	216	10.8
3	11/10/2015 2:34	4.99	75.9	26.22	-66.33	8.2	54860	217	10.82
3	11/10/2015 2:36	4.99	75.8	26.21	-66.36	8.2	54750	216	10.8
3	11/10/2015 2:38	4.98	75.7	26.22	-66.32	8.2	54800	217	10.8
3	11/10/2015 2:40	4.97	75.6	26.22	-66.23	8.2	54840	218	10.82
3	11/10/2015 2:42	4.96	75.5	26.22	-66.2	8.2	54870	219	10.8
3	11/10/2015 2:44	4.96	75.4	26.22	-66.18	8.2	54810	219	10.78
3	11/10/2015 2:46	4.95	75.3	26.22	-66.08	8.19	54730	219	10.71
3	11/10/2015 2:48	4.94	75.1	26.22	-66.06	8.19	54730	221	10.82
3	11/10/2015 2:50	4.93	75	26.22	-66.03	8.19	54780	221	10.78
3	11/10/2015 2:52	4.93	75	26.22	-65.97	8.19	54820	221	10.78
3	11/10/2015 2:54	4.92	74.9	26.23	-65.96	8.19	54960	220	10.82
3	11/10/2015 2:56	4.92	74.8	26.23	-65.96	8.19	54800	221	10.78
3	11/10/2015 2:58	4.89	74.4	26.23	-65.85	8.19	54890	222	10.8
3	11/10/2015 3:00	4.86	73.9	26.23	-65.76	8.19	54800	221	10.82
3	11/10/2015 3:02	4.82	73.3	26.23	-65.69	8.19	54850	221	10.8
3	11/10/2015 3:04	4.8	73	26.23	-65.58	8.19	54910	221	10.8
3	11/10/2015 3:06	4.77	72.5	26.23	-65.46	8.18	54750	221	10.78
3	11/10/2015 3:08	4.74	72.1	26.23	-65.46	8.18	55010	221	10.8
3	11/10/2015 3:10	4.74	72	26.23	-65.44	8.18	54850	221	10.8
3	11/10/2015 3:12	4.72	71.8	26.23	-65.45	8.18	54770	222	10.78
3	11/10/2015 3:14	4.71	71.6	26.23	-65.48	8.18	54930	223	10.78
3	11/10/2015 3:16	4.69	71.4	26.23	-65.42	8.18	54820	225	10.8
3	11/10/2015 3:18	4.69	71.3	26.24	-65.44	8.18	54780	225	10.8
3	11/10/2015 3:20	4.72	71.8	26.23	-65.35	8.18	54860	224	10.78
3	11/10/2015 3:22	4.71	71.7	26.24	-65.28	8.18	54890	223	10.78
3	11/10/2015 3:24	4.7	71.5	26.24	-65.28	8.18	54780	223	10.78
3	11/10/2015 3:26	4.68	71.2	26.24	-65.22	8.18	54800	224	10.82
3	11/10/2015 3:28	4.68	71.2	26.24	-65.31	8.18	54730	223	10.76
3	11/10/2015 3:30	4.69	71.4	26.24	-65.4	8.18	54850	222	10.8
3	11/10/2015 3:32	4.71	71.7	26.24	-65.56	8.18	54920	223	10.8
3	11/10/2015 3:34	4.77	72.5	26.24	-65.59	8.19	54800	222	10.82
3	11/10/2015 3:36	4.8	73	26.23	-65.73	8.19	54870	221	10.82
3	11/10/2015 3:38	4.81	73.3	26.24	-65.68	8.19	54950	220	10.8
3	11/10/2015 3:40	4.82	73.3	26.23	-65.7	8.19	54750	218	10.8
3	11/10/2015 3:42	4.82	73.3	26.23	-65.69	8.19	54810	218	10.8
3	11/10/2015 3:44	4.81	73.2	26.24	-65.58	8.19	54840	217	10.8
3	11/10/2015 3:46	4.79	73	26.24	-65.53	8.19	54890	215	10.8
3	11/10/2015 3:48	4.79	72.9	26.23	-65.47	8.18	54800	214	10.8
3	11/10/2015 3:50	4.8	73	26.23	-65.5	8.18	54930	214	10.78
3	11/10/2015 3:52	4.79	72.9	26.23	-65.4	8.18	55000	214	10.8
3	11/10/2015 3:54	4.79	72.9	26.23	-65.49	8.18	54870	215	10.8
3	11/10/2015 3:56	4.8	73	26.23	-65.51	8.18	54860	214	10.78
3	11/10/2015 3:58	4.82	73.3	26.23	-65.49	8.18	54890	215	10.78
3	11/10/2015 4:00	4.83	73.4	26.23	-65.44	8.18	54830	216	10.8
3	11/10/2015 4:02	4.84	73.6	26.23	-65.39	8.18	54890	216	10.8
3	11/10/2015 4:04	4.85	73.7	26.23	-65.43	8.18	54820	215	10.8
3	11/10/2015 4:06	4.84	73.7	26.23	-65.47	8.18	54860	215	10.8
3	11/10/2015 4:08	4.85	73.7	26.23	-65.47	8.18	54940	215	10.75
3	11/10/2015 4:10	4.84	73.7	26.23	-65.43	8.18	54890	214	10.8
3	11/10/2015 4:12	4.84	73.7	26.23	-65.35	8.18	54830	213	10.78
3	11/10/2015 4:14	4.85	73.7	26.23	-65.31	8.18	54860	213	10.78
3	11/10/2015 4:16	4.84	73.6	26.23	-65.32	8.18	54840	210	10.78
3	11/10/2015 4:18	4.83	73.5	26.22	-65.29	8.18	54850	208	10.78
3	11/10/2015 4:20	4.82	73.4	26.23	-65.22	8.18	54870	207	10.76
3	11/10/2015 4:22	4.81	73.2	26.22	-65.16	8.18	54910	206	10.8
3	11/10/2015 4:24	4.8	73	26.23	-65.08	8.18	54840	206	10.75
3	11/10/2015 4:26	4.79	72.8	26.22	-65.08	8.18	54950	205	10.71
3	11/10/2015 4:28	4.78	72.7	26.22	-65.02	8.18	54850	205	10.78
3	11/10/2015 4:30	4.77	72.6	26.22	-65	8.18	55020	205	10.75
3	11/10/2015 4:32	4.77	72.5	26.22	-64.92	8.17	54840	204	10.78
3	11/10/2015 4:34	4.76	72.4	26.22	-64.88	8.17	54800	202	10.76
3	11/10/2015 4:36	4.75	72.2	26.23	-64.85	8.17	54930	201	10.75
3	11/10/2015 4:38	4.74	72	26.23	-64.71	8.17	54830	200	10.76
3	11/10/2015 4:40	4.73	72	26.22	-64.74	8.17	54890	201	10.78
3	11/10/2015 4:42	4.73	71.9	26.22	-64.68	8.17	54840	199	10.78
3	11/10/2015 4:44	4.72	71.8	26.22	-64.67	8.17	54730	198	10.78
3	11/10/2015 4:46	4.71	71.7	26.22	-64.59	8.17	54900	198	10.75
3	11/10/2015 4:48	4.71	71.6	26.23	-64.5	8.17	54850	198	10.78
3	11/10/2015 4:50	4.69	71.3	26.22	-64.42	8.17	54960	197	10.76
3	11/10/2015 4:52	4.67	71.1	26.22	-64.49	8.17	54960	197	10.75
3	11/10/2015 4:54	4.66	70.9	26.22	-64.39	8.16	54870	196	10.76
3	11/10/2015 4:56	4.64	70.6	26.22	-64.4	8.17	54840	195	10.76
3	11/10/2015 4:58	4.64	70.5	26.22	-64.36	8.16	54870	194	10.76
3	11/10/2015 5:00	4.62	70.3	26.22	-64.28	8.16	54860	193	10.78
3	11/10/2015 5:02	4.6	70	26.23	-64.2	8.16	55000	191	10.75
3	11/10/2015 5:04	4.58	69.6	26.23	-64.13	8.16	54840	189	10.75
3	11/10/2015 5:06	4.56	69.4	26.22	-64.03	8.16	54980	188	10.75
3	11/10/2015 5:08	4.56	69.4	26.22	-64.03	8.16	54850	187	10.75
3	11/10/2015 5:10	4.55	69.3	26.22	-64	8.16	55020	187	10.76
3	11/10/2015 5:12	4.54	69.1	26.22	-63.94	8.16	54920	186	10.75
3	11/10/2015 5:14	4.53	68.9	26.23	-63.9	8.16	54850	185	10.75
3	11/10/2015 5:16	4.5	68.6	26.23	-63.86	8.16	54940	185	10.76
3	11/10/2015 5:18	4.49	68.3	26.23	-63.8	8.15	54860	184	10.75
3	11/10/2015 5:20	4.46	67.9	26.23	-63.69	8.15	54950	184	10.75
3	11/10/2015 5:22	4.43	67.4	26.23	-63.52	8.15	54940	182	10.76
3	11/10/2015 5:24	4.39	66.9	26.23	-63.35	8.15	54960	182	10.75
3	11/10/2015 5:26	4.36	66.4	26.23	-63.31	8.15	54850	181	10.75
3	11/10/2015 5:28	4.33	65.9	26.23	-63.28	8.15	54970	180	10.76
3	11/10/2015 5:30	4.31	65.5	26.23	-63.28	8.15	54800	179	10.75
3	11/10/2015 5:32	4.29	65.3	26.23	-63.19	8.14	54960	178	10.75
3	11/10/2015 5:34	4.29	65.2	26.23	-63.18	8.14	54810	178	10.71
3	11/10/2015 5:36	4.28	65.2	26.23	-63.14	8.14	55010	178	10.73
3	11/10/2015 5:38	4.29	65.4	26.23	-63.16	8.14	55010	179	10.76
3	11/10/2015 5:40	4.28	65.2	26.23	-63.16	8.14	54870	178	10.76
3	11/10/2015 5:42	4.29	65.2	26.23	-63.12	8.14	54890	177	10.76
3	11/10/2015 5:44	4.28	65.2	26.23	-63.11	8.14	54990	177	10.75
3	11/10/2015 5:46	4.28	65.1	26.23	-63.07	8.14	54920	176	10.78
3	11/10/2015 5:48	4.27	65	26.23	-63.02	8.14	54900	175	10.76
3	11/10/2015 5:50	4.26	64.9	26.23	-63.04	8.14	54960	174	10.75
3	11/10/2015 5:52	4.26	64.9	26.23	-63	8.14	54950	174	10.78
3	11/10/2015 5:54	4.26	64.9	26.23	-62.98	8.14	54930	173	10.75
3	11/10/2015 5:56	4.27	65	26.23	-62.95	8.14	54950	173	10.75
3	11/10/2015 5:58	4.26	64.9	26.23	-62.97	8.14	54990	172	10.75
3	11/10/2015 6:00	4.26	64.8	26.23	-62.88	8.14	54960	171	10.75
3	11/10/2015 6:02	4.25	64.6	26.23	-62.83	8.14	54960	171	10.75
3	11/10/2015 6:04	4.24	64.5	26.24	-62.77	8.14	54930	171	10.75
3	11/10/2015 6:06	4.23	64.3	26.24	-62.72	8.14	54870	170	10.75
3	11/10/2015 6:08	4.21	64.1	26.24	-62.68	8.13	54910	169	10.73
3	11/10/2015 6:10	4.2	64	26.24	-62.64	8.13	54910	169	10.73
3	11/10/2015 6:12	4.2	63.9	26.24	-62.62	8.13	54920	167	10.75
3	11/10/2015 6:14	4.18	63.6	26.24	-62.6	8.13	54930	166	10.75
3	11/10/2015 6:16	4.18	63.6	26.24	-62.6	8.13	54940	165	10.75
3	11/10/2015 6:18	4.19	63.7	26.24	-62.56	8.13	54900	164	10.75
3	11/10/2015 6:20	4.18	63.6	26.24	-62.55	8.13	54940	162	10.75
3	11/10/2015 6:22	4.18	63.6	26.24	-62.57	8.13	54940	163	10.73
3	11/10/2015 6:24	4.18	63.7	26.24	-62.58	8.13	54940	163	10.75
3	11/10/2015 6:26	4.19	63.8	26.23	-62.62	8.13	54990	161	10.75
3	11/10/2015 6:28	4.21	64.1	26.23	-62.67	8.13	54920	160	10.75
3	11/10/2015 6:30	4.23	64.4	26.24	-62.72	8.14	55020	161	10.73
3	11/10/2015 6:32	4.25	64.7	26.23	-62.68	8.13	55040	160	10.73
3	11/10/2015 6:34	4.27	65	26.23	-62.73	8.14	54990	160	10.73
3	11/10/2015 6:36	4.29	65.3	26.23	-62.69	8.14	54940	160	10.76
3	11/10/2015 6:38	4.3	65.5	26.23	-62.65	8.13	54840	160	10.73
3	11/10/2015 6:40	4.32	65.8	26.23	-62.64	8.13	55000	162	10.75
3	11/10/2015 6:42	4.34	66	26.23	-62.64	8.13	54930	162	10.73
3	11/10/2015 6:44	4.35	66.3	26.23	-62.67	8.14	54990	161	10.75
3	11/10/2015 6:46	4.38	66.7	26.23	-62.79	8.14	55010	161	10.75
3	11/10/2015 6:48	4.4	66.9	26.23	-62.84	8.14	54920	160	10.75
3	11/10/2015 6:50	4.41	67.1	26.23	-62.85	8.14	54990	161	10.75
3	11/10/2015 6:52	4.42	67.2	26.24	-62.79	8.14	54970	159	10.73
3	11/10/2015 6:54	4.42	67.2	26.24	-62.74	8.14	54960	159	10.73
3	11/10/2015 6:56	4.43	67.4	26.24	-62.76	8.14	54980	157	10.71
3	11/10/2015 6:58	4.43	67.4	26.23	-62.67	8.14	55040	157	10.73
3	11/10/2015 7:00	4.41	67.2	26.24	-62.63	8.14	54960	158	10.71
3	11/10/2015 7:02	4.43	67.4	26.24	-62.71	8.14	55010	159	10.73
3	11/10/2015 7:04	4.44	67.5	26.23	-62.71	8.14	54950	159	10.71
3	11/10/2015 7:06	4.43	67.5	26.23	-62.68	8.14	55010	159	10.65
3	11/10/2015 7:08	4.41	67.1	26.23	-62.55	8.13	54940	159	10.75
3	11/10/2015 7:10	4.39	66.8	26.24	-62.5	8.13	54980	159	10.73
3	11/10/2015 7:12	4.33	65.9	26.24	-62.38	8.13	55130	159	10.73
3	11/10/2015 7:14	4.29	65.4	26.24	-62.23	8.13	54940	159	10.71
3	11/10/2015 7:16	4.27	65	26.24	-62.11	8.13	54960	159	10.75
3	11/10/2015 7:18	4.24	64.6	26.24	-62	8.12	54970	162	10.71
3	11/10/2015 7:20	4.22	64.2	26.24	-61.91	8.12	54880	160	10.73
3	11/10/2015 7:22	4.16	63.3	26.22	-61.69	8.12	54900	159	10.71
3	11/10/2015 7:24	4.11	62.6	26.2	-61.56	8.12	55010	160	10.73
3	11/10/2015 7:26	4.1	62.3	26.21	-61.54	8.12	54970	158	10.75
3	11/10/2015 7:28	4.09	62.2	26.21	-61.52	8.11	54810	157	10.71
3	11/10/2015 7:30	4.07	61.9	26.21	-61.46	8.11	54850	157	10.71
3	11/10/2015 7:32	4.05	61.6	26.2	-61.43	8.11	55110	157	10.71
3	11/10/2015 7:34	4.06	61.7	26.21	-61.41	8.11	54990	156	10.71
3	11/10/2015 7:36	4.06	61.8	26.19	-61.4	8.11	54990	155	10.71
3	11/10/2015 7:38	4.08	62.1	26.16	-61.4	8.11	54920	155	10.71
3	11/10/2015 7:40	4.09	62.2	26.17	-61.49	8.11	54890	155	10.61
3	11/10/2015 7:42	4.11	62.5	26.18	-61.53	8.12	54970	155	10.63
3	11/10/2015 7:44	4.14	63	26.2	-61.17	8.11	54970	155	10.71
3	11/10/2015 7:46	4.15	63.1	26.21	-61.14	8.11	54940	153	10.73
3	11/10/2015 7:48	4.15	63.2	26.22	-61.3	8.11	54990	154	10.71
3	11/10/2015 7:50	4.16	63.3	26.22	-61.31	8.11	54960	153	10.71
3	11/10/2015 7:52	4.16	63.3	26.22	-61.33	8.11	54950	152	10.71
3	11/10/2015 7:54	4.15	63.2	26.22	-61.39	8.11	55090	152	10.71
3	11/10/2015 7:56	4.16	63.3	26.22	-61.46	8.11	54960	151	10.73
3	11/10/2015 7:58	4.17	63.4	26.22	-61.46	8.11	54990	151	10.7
3	11/10/2015 8:00	4.16	63.2	26.23	-61.39	8.11	54970	153	10.7
3	11/10/2015 8:02	4.15	63.1	26.23	-61.41	8.11	55010	153	10.71
3	11/10/2015 8:04	4.15	63.2	26.24	-61.42	8.11	55000	153	10.73
3	11/10/2015 8:06	4.17	63.4	26.25	-61.42	8.11	54810	152	10.7
3	11/10/2015 8:08	4.18	63.7	26.24	-61.58	8.12	55010	150	10.68
3	11/10/2015 8:10	4.19	63.8	26.24	-61.51	8.12	54920	150	10.71
3	11/10/2015 8:12	4.21	64.1	26.25	-61.62	8.12	54940	149	10.7
3	11/10/2015 8:14	4.25	64.7	26.24	-61.65	8.12	55000	149	10.68
3	11/10/2015 8:16	4.27	65	26.25	-61.76	8.12	55030	149	10.7
3	11/10/2015 8:18	4.29	65.3	26.25	-61.76	8.12	54990	148	10.7
3	11/10/2015 8:20	4.3	65.5	26.25	-61.71	8.12	55080	147	10.71
3	11/10/2015 8:22	4.31	65.6	26.25	-61.78	8.12	55090	147	10.7
3	11/10/2015 8:24	4.31	65.7	26.25	-61.75	8.12	55050	148	10.71
3	11/10/2015 8:26	4.33	65.9	26.25	-61.77	8.12	54910	147	10.73
3	11/10/2015 8:28	4.34	66.1	26.25	-61.84	8.12	54980	145	10.7
3	11/10/2015 8:30	4.37	66.5	26.25	-61.94	8.12	54990	145	10.68
3	11/10/2015 8:32	4.39	66.8	26.25	-61.98	8.12	54940	145	10.71
3	11/10/2015 8:34	4.39	66.9	26.25	-62.02	8.12	55000	144	10.68
3	11/10/2015 8:36	4.4	67	26.26	-62.01	8.12	54940	145	10.71
3	11/10/2015 8:38	4.43	67.4	26.26	-62.07	8.12	55030	146	10.71
3	11/10/2015 8:40	4.45	67.8	26.25	-62.12	8.13	55060	145	10.71
3	11/10/2015 8:42	4.46	68	26.26	-62.11	8.13	54990	145	10.7
3	11/10/2015 8:44	4.47	68.1	26.27	-62.15	8.13	54970	143	10.71
3	11/10/2015 8:46	4.48	68.2	26.26	-62.12	8.12	54920	142	10.68
3	11/10/2015 8:48	4.46	68	26.26	-61.99	8.12	55070	144	10.7
3	11/10/2015 8:50	4.43	67.5	26.26	-61.86	8.12	55050	145	10.71
3	11/10/2015 8:52	4.4	67.1	26.27	-61.74	8.12	54940	146	10.68
3	11/10/2015 8:54	4.38	66.8	26.27	-61.72	8.12	55120	148	10.71
3	11/10/2015 8:56	4.38	66.8	26.28	-61.84	8.12	55060	148	10.7
3	11/10/2015 8:58	4.39	66.9	26.28	-61.91	8.12	54940	149	10.7
3	11/10/2015 9:00	4.41	67.2	26.28	-61.94	8.12	55000	150	10.7
3	11/10/2015 9:02	4.43	67.5	26.28	-61.93	8.12	54970	149	10.68
3	11/10/2015 9:04	4.43	67.5	26.29	-61.91	8.12	55030	149	10.71
3	11/10/2015 9:06	4.42	67.3	26.28	-61.84	8.12	54980	150	10.7
3	11/10/2015 9:08	4.39	66.9	26.28	-61.79	8.12	55120	148	10.7
3	11/10/2015 9:10	4.37	66.7	26.29	-61.59	8.12	55040	148	10.68
3	11/10/2015 9:12	4.36	66.4	26.27	-61.44	8.11	55070	148	10.65
3	11/10/2015 9:14	4.31	65.7	26.28	-61.19	8.11	54970	147	10.68
3	11/10/2015 9:16	4.28	65.1	26.16	-61.12	8.11	55070	148	10.7
3	11/10/2015 9:18	4.28	65.1	26.17	-61.19	8.11	54950	148	10.7
3	11/10/2015 9:20	4.3	65.3	26.21	-61.24	8.11	54890	147	10.68
3	11/10/2015 9:22	4.3	65.5	26.21	-61.2	8.11	54940	147	10.7
3	11/10/2015 9:24	4.31	65.7	26.25	-61.14	8.11	54950	147	10.68
3	11/10/2015 9:26	4.35	66.3	26.28	-61.37	8.11	55100	145	10.7
3	11/10/2015 9:28	4.4	67.1	26.3	-61.58	8.12	55060	145	10.7
3	11/10/2015 9:30	4.44	67.6	26.3	-61.75	8.12	54940	146	10.71
3	11/10/2015 9:32	4.48	68.2	26.3	-61.88	8.12	54910	146	10.7
3	11/10/2015 9:34	4.51	68.8	26.32	-61.99	8.12	54950	144	10.68
3	11/10/2015 9:36	4.55	69.4	26.32	-62.06	8.12	54980	145	10.71
3	11/10/2015 9:38	4.57	69.7	26.31	-62.18	8.13	55050	146	10.66
3	11/10/2015 9:40	4.6	70.1	26.32	-62.11	8.12	55050	148	10.68
3	11/10/2015 9:42	4.61	70.4	26.34	-62.11	8.12	54980	148	10.71
3	11/10/2015 9:44	4.63	70.6	26.34	-62.15	8.13	54960	147	10.68
3	11/10/2015 9:46	4.65	70.9	26.35	-62.19	8.13	54990	147	10.66
3	11/10/2015 9:48	4.66	71.1	26.35	-62.19	8.13	54940	146	10.68
3	11/10/2015 9:50	4.68	71.3	26.34	-62.15	8.13	55000	146	10.66
3	11/10/2015 9:52	4.7	71.6	26.35	-62.12	8.13	55120	146	10.68
3	11/10/2015 9:54	4.71	71.8	26.35	-61.98	8.12	55030	146	10.65
3	11/10/2015 9:56	4.71	71.8	26.35	-61.98	8.12	54970	143	10.68
3	11/10/2015 9:58	4.72	71.9	26.36	-62.05	8.12	54990	145	10.68
3	11/10/2015 10:00	4.72	72	26.35	-62.1	8.12	54890	146	10.68
3	11/10/2015 10:02	4.74	72.3	26.37	-62.09	8.12	55000	146	10.66
3	11/10/2015 10:04	4.75	72.5	26.37	-62.11	8.13	55150	145	10.68
3	11/10/2015 10:06	4.77	72.7	26.37	-62.17	8.13	55020	145	10.68
3	11/10/2015 10:08	4.79	73.1	26.37	-62.18	8.13	54950	144	10.68
3	11/10/2015 10:10	4.8	73.3	26.37	-62.23	8.13	55130	144	10.66
3	11/10/2015 10:12	4.82	73.6	26.39	-62.22	8.13	55030	144	10.66
3	11/10/2015 10:14	4.83	73.7	26.38	-62.29	8.13	54990	144	10.65
3	11/10/2015 10:16	4.83	73.8	26.39	-62.24	8.13	55070	143	10.66
3	11/10/2015 10:18	4.84	73.9	26.41	-62.39	8.13	55000	143	10.66
3	11/10/2015 10:20	4.86	74.2	26.39	-62.48	8.13	55080	143	10.68
3	11/10/2015 10:22	4.88	74.5	26.4	-62.42	8.13	54930	143	10.66
3	11/10/2015 10:24	4.89	74.7	26.4	-62.43	8.13	55030	143	10.66
3	11/10/2015 10:26	4.9	74.8	26.42	-62.44	8.13	55000	144	10.68
3	11/10/2015 10:28	4.92	75.1	26.42	-62.44	8.13	55020	145	10.65
3	11/10/2015 10:30	4.93	75.4	26.42	-62.41	8.13	55090	143	10.66
3	11/10/2015 10:32	4.94	75.4	26.43	-62.39	8.13	54980	142	10.66
3	11/10/2015 10:34	4.95	75.6	26.43	-62.35	8.13	55010	142	10.65
3	11/10/2015 10:36	4.97	75.9	26.44	-62.4	8.13	55000	142	10.65
3	11/10/2015 10:38	4.99	76.3	26.45	-62.44	8.13	55020	144	10.66
3	11/10/2015 10:40	4.98	76.1	26.45	-62.45	8.13	55050	145	10.66
3	11/10/2015 10:42	4.95	75.7	26.46	-62.36	8.13	55070	145	10.66
3	11/10/2015 10:44	4.95	75.7	26.46	-62.31	8.13	55120	144	10.66
3	11/10/2015 10:46	4.98	76.2	26.47	-62.37	8.13	55000	144	10.68
3	11/10/2015 10:48	5.01	76.6	26.48	-62.43	8.13	55000	143	10.68
3	11/10/2015 10:50	5.03	76.9	26.48	-62.38	8.13	55030	142	10.65
3	11/10/2015 10:52	5.09	77.7	26.51	-62.62	8.13	54920	143	10.68
3	11/10/2015 10:54	5.14	78.6	26.52	-62.82	8.14	54960	143	10.65
3	11/10/2015 10:56	5.19	79.4	26.53	-62.88	8.14	54930	141	10.66
3	11/10/2015 10:58	5.22	79.9	26.56	-62.95	8.14	55050	142	10.63
3	11/10/2015 11:00	5.26	80.5	26.52	-63.01	8.14	54990	142	10.66
3	11/10/2015 11:02	5.27	80.7	26.56	-63.05	8.14	54970	141	10.68
3	11/10/2015 11:04	5.28	80.9	26.56	-63.02	8.14	55140	142	10.66
3	11/10/2015 11:06	5.3	81	26.54	-62.99	8.14	54970	140	10.68
3	11/10/2015 11:08	5.28	80.8	26.54	-62.8	8.14	55030	141	10.68
3	11/10/2015 11:10	5.27	80.6	26.54	-62.84	8.14	54980	142	10.65
3	11/10/2015 11:12	5.28	80.8	26.52	-62.88	8.14	55040	140	10.66
3	11/10/2015 11:14	5.3	81.1	26.54	-62.75	8.14	54900	141	10.68
3	11/10/2015 11:16	5.32	81.4	26.55	-63.13	8.14	54930	140	10.66
3	11/10/2015 11:18	5.3	81	26.53	-62.97	8.14	54990	140	10.68
3	11/10/2015 11:20	5.31	81.2	26.54	-62.96	8.14	54960	140	10.66
3	11/10/2015 11:22	5.33	81.5	26.55	-62.93	8.14	54950	140	10.65
3	11/10/2015 11:24	5.34	81.6	26.52	-62.95	8.14	54980	140	10.66
3	11/10/2015 11:26	5.35	81.9	26.53	-62.85	8.14	55030	140	10.63
3	11/10/2015 11:28	5.32	81.4	26.54	-62.7	8.13	55040	139	10.56
3	11/10/2015 11:30	5.29	81	26.55	-62.67	8.13	54960	138	10.66
3	11/10/2015 11:32	5.32	81.3	26.53	-62.77	8.14	55020	140	10.66
3	11/10/2015 11:34	5.33	81.6	26.54	-62.72	8.14	55080	140	10.65
3	11/10/2015 11:36	5.32	81.4	26.54	-62.69	8.13	54970	141	10.66
3	11/10/2015 11:38	5.36	82	26.57	-62.83	8.14	55030	142	10.68
3	11/10/2015 11:40	5.39	82.5	26.55	-62.9	8.14	55000	142	10.65
3	11/10/2015 11:42	5.39	82.5	26.56	-62.75	8.14	55070	141	10.68
3	11/10/2015 11:44	5.42	83	26.58	-62.88	8.14	55010	141	10.65
3	11/10/2015 11:46	5.41	82.8	26.56	-62.79	8.14	55120	141	10.63
3	11/10/2015 11:48	5.42	83	26.6	-62.86	8.14	55040	140	10.66
3	11/10/2015 11:50	5.41	82.9	26.6	-62.81	8.14	55120	140	10.65
3	11/10/2015 11:52	5.44	83.2	26.57	-62.83	8.14	55050	139	10.66
3	11/10/2015 11:54	5.42	83	26.58	-62.73	8.13	54950	140	10.65
3	11/10/2015 11:56	5.4	82.7	26.63	-62.76	8.14	54930	139	10.58
3	11/10/2015 11:58	5.42	83.1	26.64	-62.88	8.14	54980	138	10.56
3	11/10/2015 12:00	5.45	83.5	26.59	-62.86	8.14	55090	139	10.65
3	11/10/2015 12:02	5.43	83.1	26.6	-62.63	8.13	54940	138	10.66
3	11/10/2015 12:04	5.41	82.8	26.58	-62.5	8.13	54880	139	10.65
3	11/10/2015 12:06	5.38	82.4	26.59	-62.49	8.13	55060	141	10.65
3	11/10/2015 12:08	5.37	82.2	26.58	-62.53	8.13	54980	141	10.65
3	11/10/2015 12:10	5.36	82.1	26.6	-62.55	8.13	55060	141	10.66
3	11/10/2015 12:12	5.38	82.4	26.6	-62.56	8.13	55040	141	10.65
3	11/10/2015 12:14	5.41	82.9	26.63	-62.54	8.13	55000	143	10.63
3	11/10/2015 12:16	5.41	82.8	26.6	-62.54	8.13	55010	143	10.63
3	11/10/2015 12:18	5.4	82.7	26.6	-62.5	8.13	54970	142	10.66
3	11/10/2015 12:20	5.38	82.3	26.6	-62.39	8.13	55030	141	10.65
3	11/10/2015 12:22	5.36	82.1	26.6	-62.38	8.13	55020	141	10.63
3	11/10/2015 12:24	5.38	82.4	26.64	-62.56	8.13	54870	140	10.63
3	11/10/2015 12:26	5.4	82.6	26.61	-62.55	8.13	54960	140	10.65
3	11/10/2015 12:28	5.41	82.8	26.61	-62.52	8.13	55030	140	10.65
3	11/10/2015 12:30	5.41	82.9	26.6	-62.56	8.13	55040	140	10.61
3	11/10/2015 12:32	5.38	82.4	26.6	-62.44	8.13	55040	140	10.65
3	11/10/2015 12:34	5.35	82	26.6	-62.37	8.13	54960	140	10.65
3	11/10/2015 12:36	5.37	82.3	26.64	-62.43	8.13	55010	139	10.63
3	11/10/2015 12:38	5.4	82.8	26.64	-62.44	8.13	55080	140	10.65
3	11/10/2015 12:40	5.43	83.3	26.68	-62.58	8.13	55080	139	10.63
3	11/10/2015 12:42	5.45	83.5	26.68	-62.54	8.13	55010	138	10.65
3	11/10/2015 12:44	5.47	83.8	26.65	-62.52	8.13	55060	139	10.65
3	11/10/2015 12:46	5.48	84	26.63	-62.44	8.13	54980	139	10.61
3	11/10/2015 12:48	5.46	83.8	26.63	-62.34	8.13	55030	141	10.66
3	11/10/2015 12:50	5.42	83.1	26.62	-62.27	8.13	54970	141	10.66
3	11/10/2015 12:52	5.38	82.4	26.6	-62.17	8.12	54910	140	10.63
3	11/10/2015 12:54	5.33	81.6	26.6	-62.06	8.12	55060	140	10.63
3	11/10/2015 12:56	5.31	81.4	26.6	-62.05	8.12	55000	138	10.63
3	11/10/2015 12:58	5.33	81.7	26.67	-62.15	8.12	54990	137	10.65
3	11/10/2015 13:00	5.37	82.4	26.7	-62.24	8.13	55070	139	10.65
3	11/10/2015 13:02	5.44	83.5	26.71	-62.58	8.13	55210	139	10.63
3	11/10/2015 13:04	5.44	83.4	26.68	-62.45	8.13	55030	140	10.65
3	11/10/2015 13:06	5.46	83.8	26.68	-62.49	8.13	55050	140	10.61
3	11/10/2015 13:08	5.48	84	26.68	-62.41	8.13	54930	140	10.61
3	11/10/2015 13:10	5.5	84.4	26.69	-62.5	8.13	54890	139	10.61
3	11/10/2015 13:12	5.55	85.1	26.7	-62.54	8.13	54990	138	10.61
3	11/10/2015 13:14	5.58	85.5	26.7	-62.49	8.13	55030	138	10.61
3	11/10/2015 13:16	5.54	85	26.68	-62.34	8.13	55020	137	10.65
3	11/10/2015 13:18	5.54	84.9	26.66	-62.3	8.13	55030	138	10.61
3	11/10/2015 13:20	5.51	84.5	26.67	-62.21	8.13	55010	138	10.63
3	11/10/2015 13:22	5.48	84	26.68	-62.23	8.13	54970	139	10.65
3	11/10/2015 13:24	5.51	84.4	26.68	-62.49	8.13	54870	140	10.61
3	11/10/2015 13:26	5.58	85.7	26.74	-62.59	8.13	54960	140	10.63
3	11/10/2015 13:28	5.66	86.8	26.72	-62.79	8.14	54970	138	10.61
3	11/10/2015 13:30	5.68	87.2	26.69	-62.63	8.13	54930	137	10.61
3	11/10/2015 13:32	5.73	87.9	26.71	-62.64	8.13	55020	138	10.66
3	11/10/2015 13:34	5.71	87.6	26.71	-62.5	8.13	54940	140	10.65
3	11/10/2015 13:36	5.68	87.1	26.74	-62.41	8.13	54950	138	10.65
3	11/10/2015 13:38	5.69	87.4	26.76	-62.59	8.13	54960	137	10.61
3	11/10/2015 13:40	5.78	88.7	26.76	-62.72	8.13	54910	137	10.65
3	11/10/2015 13:42	5.76	88.5	26.75	-62.63	8.13	54900	136	10.65
3	11/10/2015 13:44	5.73	87.9	26.75	-62.56	8.13	55080	135	10.65
3	11/10/2015 13:46	5.69	87.3	26.74	-62.45	8.13	54970	136	10.63
3	11/10/2015 13:48	5.66	86.9	26.74	-62.44	8.13	54940	136	10.63
3	11/10/2015 13:50	5.69	87.3	26.72	-62.37	8.13	55100	136	10.65
3	11/10/2015 13:52	5.72	87.9	26.74	-62.38	8.13	55190	135	10.61
3	11/10/2015 13:54	5.79	89.1	26.83	-62.72	8.13	55000	135	10.61
3	11/10/2015 13:56	5.86	90.1	26.78	-62.82	8.14	54960	134	10.63
3	11/10/2015 13:58	5.89	90.5	26.8	-62.59	8.13	55060	135	10.61
3	11/10/2015 14:00	5.91	90.8	26.82	-62.6	8.13	55010	138	10.61
3	11/10/2015 14:02	5.86	90	26.75	-62.53	8.13	54990	138	10.63
3	11/10/2015 14:04	5.84	89.7	26.78	-62.52	8.13	55010	138	10.56
3	11/10/2015 14:06	5.91	90.9	26.81	-62.6	8.13	55160	138	10.59
3	11/10/2015 14:08	5.89	90.5	26.79	-62.56	8.13	55140	137	10.61
3	11/10/2015 14:10	5.84	89.7	26.77	-62.41	8.13	55040	137	10.58
3	11/10/2015 14:12	5.83	89.6	26.82	-62.5	8.13	55020	136	10.61
3	11/10/2015 14:14	5.92	90.9	26.79	-62.69	8.13	54970	136	10.58
3	11/10/2015 14:16	5.99	92.2	26.84	-62.83	8.14	55040	137	10.61
3	11/10/2015 14:18	6.06	93.3	26.89	-62.93	8.14	55000	137	10.61
3	11/10/2015 14:20	6.12	94.1	26.83	-63.02	8.14	54950	137	10.59
3	11/10/2015 14:22	6.12	94.2	26.82	-62.91	8.14	55080	137	10.61
3	11/10/2015 14:24	6.06	93.1	26.82	-62.74	8.13	54980	137	10.58
3	11/10/2015 14:26	5.98	91.8	26.79	-62.56	8.13	54980	136	10.63
3	11/10/2015 14:28	5.91	90.7	26.79	-62.38	8.13	55020	139	10.59
3	11/10/2015 14:30	5.89	90.5	26.82	-62.39	8.13	55000	139	10.61
3	11/10/2015 14:32	5.96	91.6	26.84	-62.51	8.13	55050	138	10.61
3	11/10/2015 14:34	6.04	92.9	26.85	-62.63	8.13	55090	138	10.61
3	11/10/2015 14:36	6.09	93.7	26.89	-62.86	8.14	54990	139	10.59
3	11/10/2015 14:38	6.16	94.7	26.87	-62.84	8.14	55080	138	10.61
3	11/10/2015 14:40	6.21	95.4	26.84	-62.82	8.14	55000	140	10.61
3	11/10/2015 14:42	6.2	95.4	26.86	-62.78	8.14	55030	138	10.59
3	11/10/2015 14:44	6.24	96	26.88	-62.78	8.14	55020	139	10.58
3	11/10/2015 14:46	6.27	96.6	26.93	-62.83	8.14	55010	139	10.61
3	11/10/2015 14:48	6.3	97	26.96	-62.89	8.14	54870	138	10.61
3	11/10/2015 14:50	6.31	97.1	26.9	-62.88	8.14	55060	138	10.59
3	11/10/2015 14:52	6.34	97.5	26.9	-62.97	8.14	54980	137	10.61
3	11/10/2015 14:54	6.31	97.2	26.93	-62.8	8.14	54980	138	10.59
3	11/10/2015 14:56	6.25	96.1	26.86	-62.79	8.14	55100	138	10.61
3	11/10/2015 14:58	6.21	95.5	26.89	-62.7	8.13	55000	138	10.59
3	11/10/2015 15:00	6.18	95.1	26.9	-62.7	8.13	55040	138	10.59
3	11/10/2015 15:02	6.13	94.3	26.88	-62.56	8.13	54920	139	10.61
3	11/10/2015 15:04	6.1	93.9	26.89	-62.56	8.13	55060	138	10.61
3	11/10/2015 15:06	6.07	93.3	26.89	-62.45	8.13	54960	138	10.59
3	11/10/2015 15:08	6.07	93.4	26.89	-62.4	8.13	54980	139	10.61
3	11/10/2015 15:10	6.11	94.1	26.88	-62.44	8.13	55010	141	10.61
3	11/10/2015 15:12	6.1	93.9	26.89	-62.35	8.13	55050	140	10.59
3	11/10/2015 15:14	6.03	92.7	26.87	-62.21	8.13	54980	139	10.58
3	11/10/2015 15:16	5.96	91.7	26.89	-62.2	8.13	54990	140	10.58
3	11/10/2015 15:18	6.01	92.5	26.89	-62.26	8.13	55010	142	10.59
3	11/10/2015 15:20	6.06	93.2	26.89	-62.21	8.13	54940	141	10.59
3	11/10/2015 15:22	5.98	91.9	26.89	-62.09	8.12	54950	141	10.59
3	11/10/2015 15:24	5.88	90.5	26.88	-62.02	8.12	55030	141	10.58
3	11/10/2015 15:26	5.85	90	26.88	-62	8.12	54970	140	10.59
3	11/10/2015 15:28	5.85	90	26.88	-62.05	8.12	55050	142	10.61
3	11/10/2015 15:30	5.86	90.1	26.87	-62.02	8.12	54990	141	10.58
3	11/10/2015 15:32	5.85	90	26.88	-61.95	8.12	55060	140	10.61
3	11/10/2015 15:34	5.87	90.4	26.9	-62.02	8.12	55050	142	10.56
3	11/10/2015 15:36	5.95	91.6	26.91	-62.13	8.12	54940	140	10.58
3	11/10/2015 15:38	6.02	92.8	26.92	-62.19	8.12	55070	139	10.58
3	11/10/2015 15:40	6.02	92.7	26.92	-62.11	8.12	55050	140	10.56
3	11/10/2015 15:42	6.03	92.8	26.86	-62.15	8.12	55000	138	10.58
3	11/10/2015 15:44	6.03	92.8	26.89	-62.13	8.12	54980	141	10.56
3	11/10/2015 15:46	6.01	92.5	26.89	-62.06	8.12	55000	143	10.56
3	11/10/2015 15:48	5.97	91.8	26.91	-62.02	8.12	54990	143	10.59
3	11/10/2015 15:50	5.95	91.6	26.9	-62.08	8.12	54970	144	10.58
3	11/10/2015 15:52	7.98	103	28.52	-50.36	7.92	46.3	150	10.42
