Sensor1	Sensor2	Sensor3	Sensor4	Sensor5	Sensor6
237.998611936636	251.057126380481	240.622101845063	236.828760401502	235.426028255765	246.205270017653
237.459404699377	246.638722481853	257.882790661817	246.630444455738	235.461292810172	249.929321573212
243.563125940444	245.701512976397	246.870935588026	243.072374329673	235.991091720722	253.524003207525
244.418663196384	243.535939180714	245.608264063549	248.42800490964	247.451500292068	NaN
251.65303199122	247.003522640002	245.515083960375	252.257034796602	247.046906887854	NaN
254.653238099965	NaN	244.965568166447	252.526549730309	255.277233989395	NaN
254.484781850977	NaN	NaN	NaN	NaN	NaN
NaN	NaN	NaN	NaN	NaN	NaN
NaN	NaN	NaN	NaN	NaN	NaN
NaN	NaN	NaN	NaN	NaN	NaN
NaN	NaN	NaN	NaN	NaN	NaN
NaN	NaN	NaN	NaN	NaN	NaN
NaN	NaN	NaN	NaN	NaN	NaN
NaN	NaN	NaN	NaN	NaN	NaN
NaN	NaN	NaN	NaN	NaN	NaN
39024.6979166666	39025.25	39025.0694444444	39024.9583333333	39024.6979166666	39025.2152777778
39025.0034722221	39025.6354166666	39025.4652777778	39025.6006944444	39024.9618055555	39026.2013888889
39025.6006944444	39025.8923611111	39025.78125	39026.0694444445	39025.1736111111	39027.2118055556
39025.9444444444	39026.2534722222	39026.1180555556	39026.4305555556	39025.8159722221	NaN
39026.5694444445	39027.1631944445	39026.8541666666	39026.8645833334	39026.1666666666	NaN
39026.9444444445	NaN	39027.1423611111	39027.1736111111	39027.1423611111	NaN
39027.2465277778	NaN	NaN	NaN	NaN	NaN
NaN	NaN	NaN	NaN	NaN	NaN
NaN	NaN	NaN	NaN	NaN	NaN
NaN	NaN	NaN	NaN	NaN	NaN
NaN	NaN	NaN	NaN	NaN	NaN
NaN	NaN	NaN	NaN	NaN	NaN
NaN	NaN	NaN	NaN	NaN	NaN
NaN	NaN	NaN	NaN	NaN	NaN
NaN	NaN	NaN	NaN	NaN	NaN
