Sensor1	Sensor2	Sensor3	Sensor4	Sensor5	Sensor6
28.4140831719214	28.4134933155282	28.4072464271369	28.4218721940338	28.4188459256603	28.4113191955339
28.3620809048169	28.3677774128492	28.3706754457666	28.3585042270924	28.3990493165536	28.3962135522474
28.2645368415704	28.245053650825	28.2512147929583	28.2609469929342	28.237705496139	28.2477843348985
28.3043562928806	28.2926907675892	28.2820828726352	28.3040949283608	28.2850715159393	28.2745858980343
28.3191646327085	28.303909998081	28.2926706674232	28.31975527583	28.2944703328738	28.2888080123068
NaN	NaN	NaN	NaN	NaN	NaN
NaN	NaN	NaN	NaN	NaN	NaN
NaN	NaN	NaN	NaN	NaN	NaN
NaN	NaN	NaN	NaN	NaN	NaN
NaN	NaN	NaN	NaN	NaN	NaN
NaN	NaN	NaN	NaN	NaN	NaN
NaN	NaN	NaN	NaN	NaN	NaN
NaN	NaN	NaN	NaN	NaN	NaN
NaN	NaN	NaN	NaN	NaN	NaN
NaN	NaN	NaN	NaN	NaN	NaN
40104.40625	40104.3854166667	40104.3645833334	40104.3993055556	40104.0034722222	40104
40104.9409722221	40104.9375	40104.9409722221	40104.9375	40104.3784722222	40104.3784722222
40105.2395833333	40105.2395833333	40105.2465277778	40105.2395833333	40105.2395833333	40105.2395833333
40105.7847222221	40105.7916666666	40105.7916666666	40105.7916666666	40105.7881944444	40105.7847222221
40106.1423611111	40106.1354166666	40106.1458333333	40106.1458333333	40106.125	40106.1388888889
NaN	NaN	NaN	NaN	NaN	NaN
NaN	NaN	NaN	NaN	NaN	NaN
NaN	NaN	NaN	NaN	NaN	NaN
NaN	NaN	NaN	NaN	NaN	NaN
NaN	NaN	NaN	NaN	NaN	NaN
NaN	NaN	NaN	NaN	NaN	NaN
NaN	NaN	NaN	NaN	NaN	NaN
NaN	NaN	NaN	NaN	NaN	NaN
NaN	NaN	NaN	NaN	NaN	NaN
NaN	NaN	NaN	NaN	NaN	NaN
