Sensor1	Sensor2	Sensor3	Sensor4	Sensor5	Sensor6
-0.0496985602388236	-0.0545452938207234	0.0107277161552872	-0.287171066515256	-0.47197245125767	0.0363249693381249
-0.0528719693482458	0.0131171455599031	0.012575868845687	-0.021181922772513	0.015097717578783	-0.0215253905849266
-0.00269540903232723	-0.0262229118985999	-0.0272691391406426	-0.0642914476259762	-0.0298553961637253	0.0353103929675171
-0.00386353181107779	-0.0822610449752403	0.0134434512814607	NaN	-0.0688982966230469	-0.156475073719179
NaN	NaN	-0.401657273221531	NaN	0.00269100967213376	NaN
NaN	NaN	-0.0132443526067902	NaN	NaN	NaN
NaN	NaN	NaN	NaN	NaN	NaN
NaN	NaN	NaN	NaN	NaN	NaN
NaN	NaN	NaN	NaN	NaN	NaN
NaN	NaN	NaN	NaN	NaN	NaN
NaN	NaN	NaN	NaN	NaN	NaN
NaN	NaN	NaN	NaN	NaN	NaN
NaN	NaN	NaN	NaN	NaN	NaN
NaN	NaN	NaN	NaN	NaN	NaN
NaN	NaN	NaN	NaN	NaN	NaN
40103.8020833334	40104.3541666667	40103.8854166667	40103.4791666667	40103.4826388889	40103.9722222222
40104.4444444445	40104.9444444444	40104.1666666667	40104.40625	40103.8784722222	40104.3472222222
40105.2604166666	40105.3020833333	40104.5277777779	40105.4097222221	40104.4756944445	40105.0555555555
40105.6145833333	40105.6979166666	40104.9201388889	NaN	40105.4131944444	40105.4097222221
NaN	NaN	40105.5555555555	NaN	40105.9791666666	NaN
NaN	NaN	40105.9895833333	NaN	NaN	NaN
NaN	NaN	NaN	NaN	NaN	NaN
NaN	NaN	NaN	NaN	NaN	NaN
NaN	NaN	NaN	NaN	NaN	NaN
NaN	NaN	NaN	NaN	NaN	NaN
NaN	NaN	NaN	NaN	NaN	NaN
NaN	NaN	NaN	NaN	NaN	NaN
NaN	NaN	NaN	NaN	NaN	NaN
NaN	NaN	NaN	NaN	NaN	NaN
NaN	NaN	NaN	NaN	NaN	NaN
