Sensor1	Sensor2	Sensor3	Sensor4	Sensor5	Sensor6
8.20257422709865	8.18751556182714	8.19919907509387	8.20899385667072	8.19484693423597	8.20259748087979
8.21630298437243	8.19753870240953	8.17477043797307	8.20765278974272	8.21105755141509	8.21301415377791
8.1846025839554	8.18534055242819	8.21620872662139	NaN	8.20658845554422	8.20338387291086
8.21586990516651	8.21608931332424	NaN	NaN	NaN	NaN
NaN	NaN	NaN	NaN	NaN	NaN
NaN	NaN	NaN	NaN	NaN	NaN
NaN	NaN	NaN	NaN	NaN	NaN
NaN	NaN	NaN	NaN	NaN	NaN
NaN	NaN	NaN	NaN	NaN	NaN
NaN	NaN	NaN	NaN	NaN	NaN
NaN	NaN	NaN	NaN	NaN	NaN
NaN	NaN	NaN	NaN	NaN	NaN
NaN	NaN	NaN	NaN	NaN	NaN
NaN	NaN	NaN	NaN	NaN	NaN
NaN	NaN	NaN	NaN	NaN	NaN
40115.5763888889	40115.5798611111	40116.5729166666	40116.5659722221	40115.6076388889	40115.5763888889
40116.5833333333	40116.59375	40117.0798611111	40117.4861111111	40116.59375	40116.6215277778
40117.0798611111	40117.0729166667	40117.5486111111	NaN	40117.5173611111	40117.5659722222
40117.5694444445	40117.5451388889	NaN	NaN	NaN	NaN
NaN	NaN	NaN	NaN	NaN	NaN
NaN	NaN	NaN	NaN	NaN	NaN
NaN	NaN	NaN	NaN	NaN	NaN
NaN	NaN	NaN	NaN	NaN	NaN
NaN	NaN	NaN	NaN	NaN	NaN
NaN	NaN	NaN	NaN	NaN	NaN
NaN	NaN	NaN	NaN	NaN	NaN
NaN	NaN	NaN	NaN	NaN	NaN
NaN	NaN	NaN	NaN	NaN	NaN
NaN	NaN	NaN	NaN	NaN	NaN
NaN	NaN	NaN	NaN	NaN	NaN
