Sensor1	Sensor2	Sensor3	Sensor4	Sensor5	Sensor6
33.1534091656119	33.2124708272114	33.1254278808444	33.2709203649429	33.1164059452097	33.0935493762361
33.1740613715199	32.4300714135889	32.9811386552614	33.0645401905159	32.979217190739	33.1416660795492
33.0157965663338	33.128402881233	33.2016576695861	32.0308920036916	33.1859355843906	32.990179721551
32.8417961317023	32.303858337924	33.077764425783	32.9114351249075	33.061977889951	33.2090211161531
33.1971337906648	33.2911785160622	33.1305607912631	33.3244717064469	NaN	33.0954227094595
33.0948062230596	33.1801336979131	NaN	33.2000395210545	NaN	NaN
33.1205922236592	33.2241096129129	NaN	NaN	NaN	NaN
NaN	NaN	NaN	NaN	NaN	NaN
NaN	NaN	NaN	NaN	NaN	NaN
NaN	NaN	NaN	NaN	NaN	NaN
NaN	NaN	NaN	NaN	NaN	NaN
NaN	NaN	NaN	NaN	NaN	NaN
NaN	NaN	NaN	NaN	NaN	NaN
NaN	NaN	NaN	NaN	NaN	NaN
NaN	NaN	NaN	NaN	NaN	NaN
40111.6006944445	40111.6458333334	40111.6041666666	40111.4930555555	40111.5625	40111.6006944445
40111.8923611111	40111.9930555555	40112.7986111111	40111.7777777778	40112.7743055555	40111.8993055555
40112.7013888889	40112.6458333334	40113.34375	40112.0763888889	40113.3819444445	40112.7638888889
40112.9861111111	40112.9618055555	40113.6909722222	40112.8715277778	40113.6875	40113.2986111111
40113.3368055555	40113.3368055555	40113.9930555555	40113.3090277778	NaN	40113.6875
40113.6875	40113.6805555555	NaN	40113.7048611111	NaN	NaN
40114.0868055555	40113.9513888889	NaN	NaN	NaN	NaN
NaN	NaN	NaN	NaN	NaN	NaN
NaN	NaN	NaN	NaN	NaN	NaN
NaN	NaN	NaN	NaN	NaN	NaN
NaN	NaN	NaN	NaN	NaN	NaN
NaN	NaN	NaN	NaN	NaN	NaN
NaN	NaN	NaN	NaN	NaN	NaN
NaN	NaN	NaN	NaN	NaN	NaN
NaN	NaN	NaN	NaN	NaN	NaN
