Sensor1	Sensor2	Sensor3	Sensor4	Sensor5	Sensor6
-0.595950668081571	-0.682863914102569	-0.503757162098793	-0.488568810169426	-0.604130036730027	-0.617077657797012
-0.268707044656111	-0.245574180560311	-0.121003756059878	-0.258447035338577	-0.21281194398361	-0.190387536685193
-0.736600931411914	-0.833638336401663	-0.592203862828171	-0.592801503491955	-0.743632679339811	-0.717953206967053
-0.166284546200359	-0.195212629071108	0.169816523561138	-0.0848415981720905	-0.174639889517664	-0.137880220595889
0.386237850466443	0.223847026804322	-0.554069333058891	0.296398492995053	0.251231321840123	0.315583676736225
-0.644031160927852	-0.574123991016165	NaN	-0.669394351942344	-0.638846444788584	-0.618184395284857
-0.0242373970765186	-0.064307065504039	NaN	-0.00357717536897439	-0.0445275159124208	-0.0190127580222565
NaN	NaN	NaN	NaN	NaN	NaN
NaN	NaN	NaN	NaN	NaN	NaN
NaN	NaN	NaN	NaN	NaN	NaN
NaN	NaN	NaN	NaN	NaN	NaN
NaN	NaN	NaN	NaN	NaN	NaN
NaN	NaN	NaN	NaN	NaN	NaN
NaN	NaN	NaN	NaN	NaN	NaN
NaN	NaN	NaN	NaN	NaN	NaN
40111.7048611111	40111.7118055555	40111.7361111111	40111.7013888889	40111.7083333334	40111.7118055555
40112.1458333334	40112.1319444445	40112.1458333334	40112.1458333334	40112.1354166666	40112.1215277778
40112.7256944445	40112.7291666666	40112.7430555555	40112.7256944445	40112.7326388889	40112.7256944445
40113.0833333334	40113.0659722222	40113.3819444445	40113.0868055555	40113.0625	40113.0659722222
40113.3958333334	40113.4305555555	40113.7326388889	40113.3854166666	40113.4131944445	40113.3888888889
40113.7222222222	40113.7291666666	NaN	40113.7222222222	40113.7256944445	40113.71875
40114.03125	40114.0416666666	NaN	40114.0104166666	40114.0486111111	40113.9791666666
NaN	NaN	NaN	NaN	NaN	NaN
NaN	NaN	NaN	NaN	NaN	NaN
NaN	NaN	NaN	NaN	NaN	NaN
NaN	NaN	NaN	NaN	NaN	NaN
NaN	NaN	NaN	NaN	NaN	NaN
NaN	NaN	NaN	NaN	NaN	NaN
NaN	NaN	NaN	NaN	NaN	NaN
NaN	NaN	NaN	NaN	NaN	NaN
