Sensor1	Sensor2	Sensor3	Sensor4	Sensor5	Sensor6
-0.0301795424631734	-0.278313738479511	-0.23168205253603	-0.294948578477459	-0.309604952531856	-0.279284289832049
-0.311291702509578	-0.0199476379968075	-0.035631473304818	-0.0418881984016082	-0.0506029756818975	-0.00766306435167508
-0.0485853222681953	-0.0158486741472927	-0.0376528045492819	-0.233316219480002	-0.0402117561668831	-0.0380900115759459
-0.234777175679056	-0.164386995735526	-0.191278286469299	-0.115542119345974	-0.21406850527174	-0.193401410703501
-0.13307682774996	-0.100441300601517	-0.101696501529716	NaN	-0.148747044902251	-0.0546977067482999
NaN	NaN	NaN	NaN	NaN	NaN
NaN	NaN	NaN	NaN	NaN	NaN
NaN	NaN	NaN	NaN	NaN	NaN
NaN	NaN	NaN	NaN	NaN	NaN
NaN	NaN	NaN	NaN	NaN	NaN
NaN	NaN	NaN	NaN	NaN	NaN
NaN	NaN	NaN	NaN	NaN	NaN
NaN	NaN	NaN	NaN	NaN	NaN
NaN	NaN	NaN	NaN	NaN	NaN
NaN	NaN	NaN	NaN	NaN	NaN
40107.4270833334	40107.6944444445	40107.7118055556	40107.7048611111	40107.6979166667	40107.7083333334
40107.7013888889	40108.09375	40108.0590277779	40108.1631944445	40108.0625	40108.0208333334
40108.1770833334	40108.4826388889	40108.4756944445	40108.7083333334	40108.4826388889	40108.4826388889
40108.71875	40108.7256944445	40108.7326388889	40109.1354166666	40108.7361111111	40108.7256944445
40109.1388888889	40109.1354166666	40109.1354166666	NaN	40109.1284722222	40109.1354166666
NaN	NaN	NaN	NaN	NaN	NaN
NaN	NaN	NaN	NaN	NaN	NaN
NaN	NaN	NaN	NaN	NaN	NaN
NaN	NaN	NaN	NaN	NaN	NaN
NaN	NaN	NaN	NaN	NaN	NaN
NaN	NaN	NaN	NaN	NaN	NaN
NaN	NaN	NaN	NaN	NaN	NaN
NaN	NaN	NaN	NaN	NaN	NaN
NaN	NaN	NaN	NaN	NaN	NaN
NaN	NaN	NaN	NaN	NaN	NaN
