Sensor1	Sensor2	Sensor3	Sensor4	Sensor5	Sensor6
2.8872851480337	0.663113123286166	2.71463523356215	3.19331643133046	-0.227992894804629	1.08154860243667
0.783496008472866	2.51729707152845	1.11542918261694	0.825125922645384	0.226872880084557	5.48309201435768
0.512279658491025	8.41934244295408	0.0685346622194629	0.545115707944205	0.212157833084348	0.073097098749713
1.29292814461951	0.647440702981839	-0.07543405098113	-0.682373444375116	0.292251277984178	0.306380262132734
4.66136867929163	1.85434935495141	1.93293832948257	2.24791790897143	1.90719287071988	2.10505253309384
NaN	2.20016994698381	0.478186590808036	5.97143998296087	2.24639598157228	2.55710543428722
NaN	NaN	NaN	NaN	NaN	NaN
NaN	NaN	NaN	NaN	NaN	NaN
NaN	NaN	NaN	NaN	NaN	NaN
NaN	NaN	NaN	NaN	NaN	NaN
NaN	NaN	NaN	NaN	NaN	NaN
NaN	NaN	NaN	NaN	NaN	NaN
NaN	NaN	NaN	NaN	NaN	NaN
NaN	NaN	NaN	NaN	NaN	NaN
NaN	NaN	NaN	NaN	NaN	NaN
40107.5138888889	40107.5659722222	40107.4166666667	40107.5277777779	40107.6111111111	40107.7013888889
40107.9305555556	40107.8993055556	40107.9930555556	40107.9131944445	40107.9930555556	40108.0277777779
40108.4652777778	40108.2361111111	40108.3368055556	40108.3819444445	40108.3194444445	40108.3368055556
40108.8993055555	40108.5486111111	40108.5486111111	40108.6145833334	40108.6041666666	40108.5034722222
40109.1770833334	40108.8958333334	40108.9131944445	40108.8854166666	40108.90625	40108.9131944445
NaN	40109.1805555555	40109.1875	40109.1770833334	40109.1840277778	40109.1875
NaN	NaN	NaN	NaN	NaN	NaN
NaN	NaN	NaN	NaN	NaN	NaN
NaN	NaN	NaN	NaN	NaN	NaN
NaN	NaN	NaN	NaN	NaN	NaN
NaN	NaN	NaN	NaN	NaN	NaN
NaN	NaN	NaN	NaN	NaN	NaN
NaN	NaN	NaN	NaN	NaN	NaN
NaN	NaN	NaN	NaN	NaN	NaN
NaN	NaN	NaN	NaN	NaN	NaN
