Sensor1	Sensor2	Sensor3	Sensor4	Sensor5	Sensor6
209.056122219572	208.120146873575	207.241152417692	209.57623941723	209.858225548633	211.095258613012
191.212512383279	190.995193331382	192.692944785389	191.303348368659	191.499065502143	189.938182099106
217.776260445332	215.593098867728	213.840806706778	217.823685425007	217.346068002966	219.958569241072
189.925412464885	190.855772326435	191.180951167831	188.651417950453	189.543572761445	188.323082904565
NaN	NaN	NaN	NaN	NaN	NaN
NaN	NaN	NaN	NaN	NaN	NaN
NaN	NaN	NaN	NaN	NaN	NaN
NaN	NaN	NaN	NaN	NaN	NaN
NaN	NaN	NaN	NaN	NaN	NaN
NaN	NaN	NaN	NaN	NaN	NaN
NaN	NaN	NaN	NaN	NaN	NaN
NaN	NaN	NaN	NaN	NaN	NaN
NaN	NaN	NaN	NaN	NaN	NaN
NaN	NaN	NaN	NaN	NaN	NaN
NaN	NaN	NaN	NaN	NaN	NaN
39028.59375	39028.5729166666	39028.5868055555	39028.5763888889	39028.5833333333	39028.5763888889
39029.0972222221	39029.1076388889	39029.1111111111	39029.1006944444	39029.1006944444	39029.1006944444
39029.6041666666	39029.59375	39029.6041666666	39029.5868055555	39029.59375	39029.59375
39029.9861111111	39029.9791666666	39029.9583333334	39029.9861111111	39029.9791666666	39029.9861111111
NaN	NaN	NaN	NaN	NaN	NaN
NaN	NaN	NaN	NaN	NaN	NaN
NaN	NaN	NaN	NaN	NaN	NaN
NaN	NaN	NaN	NaN	NaN	NaN
NaN	NaN	NaN	NaN	NaN	NaN
NaN	NaN	NaN	NaN	NaN	NaN
NaN	NaN	NaN	NaN	NaN	NaN
NaN	NaN	NaN	NaN	NaN	NaN
NaN	NaN	NaN	NaN	NaN	NaN
NaN	NaN	NaN	NaN	NaN	NaN
NaN	NaN	NaN	NaN	NaN	NaN
